-2.315
-2.304
-2.297
-2.288
-2.288
-2.29
-2.281
-2.28
-2.283
-2.28
-2.28
-2.284
-2.286
-2.287
-2.284
-2.284
-2.285
-2.286
-2.288
-2.29
-2.287
-2.285
-2.292
-2.295
-2.288
-2.285
-2.29
-2.295
-2.292
-2.281
-2.279
-2.285
-2.287
-2.285
-2.287
-2.286
-2.283
-2.28
-2.28
-2.281
-2.28
-2.28
-2.28
-2.28
-2.282
-2.28
-2.276
-2.276
-2.275
-2.276
-2.281
-2.277
-2.273
-2.275
-2.276
-2.275
-2.275
-2.275
-2.275
-2.273
-2.271
-2.271
-2.269
-2.267
-2.267
-2.263
-2.261
-2.262
-2.26
-2.26
-2.259
-2.26
-2.263
-2.264
-2.264
-2.262
-2.253
-2.252
-2.26
-2.259
-2.253
-2.255
-2.26
-2.254
-2.248
-2.246
-2.244
-2.245
-2.244
-2.252
-2.268
-2.271
-2.253
-2.241
-2.243
-2.244
-2.237
-2.233
-2.229
-2.228
-2.231
-2.233
-2.236
-2.241
-2.239
-2.23
-2.229
-2.228
-2.225
-2.225
-2.224
-2.222
-2.221
-2.227
-2.227
-2.225
-2.225
-2.225
-2.224
-2.225
-2.228
-2.219
-2.211
-2.208
-2.207
-2.209
-2.209
-2.208
-2.208
-2.208
-2.209
-2.211
-2.209
-2.203
-2.204
-2.208
-2.201
-2.197
-2.198
-2.196
-2.196
-2.197
-2.199
-2.197
-2.192
-2.184
-2.181
-2.181
-2.176
-2.171
-2.167
-2.167
-2.167
-2.167
-2.164
-2.163
-2.162
-2.163
-2.164
-2.159
-2.153
-2.151
-2.15
-2.148
-2.142
-2.139
-2.147
-2.146
-2.134
-2.133
-2.136
-2.135
-2.133
-2.128
-2.117
-2.112
-2.11
-2.106
-2.104
-2.102
-2.099
-2.091
-2.089
-2.095
-2.094
-2.089
-2.083
-2.075
-2.074
-2.071
-2.066
-2.07
-2.066
-2.058
-2.053
-2.051
-2.051
-2.05
-2.048
-2.041
-2.037
-2.035
-2.023
-2.014
-2.015
-2.013
-2.01
-2.006
-2.002
-2.003
-2.001
-1.995
-1.992
-1.986
-1.98
-1.976
-1.973
-1.972
-1.97
-1.964
-1.962
-1.962
-1.962
-1.961
-1.959
-1.959
-1.958
-1.953
-1.951
-1.949
-1.944
-1.943
-1.943
-1.938
-1.938
-1.938
-1.933
-1.931
-1.931
-1.935
-1.933
-1.933
-1.937
-1.933
-1.933
-1.936
-1.944
-1.948
-1.943
-1.934
-1.933
-1.936
-1.933
-1.937
-1.942
-1.948
-1.952
-1.956
-1.961
-1.959
-1.968
-1.976
-1.976
-1.984
-1.99
-1.996
-2.0
-2.005
-2.007
-2.015
-2.023
-2.031
-2.038
-2.039
-2.045
-2.053
-2.055
-2.061
-2.067
-2.077
-2.086
-2.095
-2.11
-2.114
-2.123
-2.133
-2.13
-2.136
-2.144
-2.14
-2.139
-2.146
-2.152
-2.156
-2.16
-2.162
-2.167
-2.175
-2.178
-2.18
-2.191
-2.197
-2.2
-2.203
-2.204
-2.215
-2.216
-2.213
-2.215
-2.217
-2.224
-2.225
-2.229
-2.233
-2.226
-2.224
-2.227
-2.232
-2.239
-2.241
-2.242
-2.244
-2.247
-2.249
-2.253
-2.252
-2.247
-2.244
-2.248
-2.25
-2.248
-2.252
-2.252
-2.253
-2.256
-2.258
-2.257
-2.249
-2.25
-2.259
-2.262
-2.265
-2.264
-2.262
-2.264
-2.264
-2.264
-2.264
-2.262
-2.26
-2.264
-2.267
-2.263
-2.261
-2.26
-2.258
-2.263
-2.263
-2.259
-2.258
-2.261
-2.264
-2.263
-2.257
-2.26
-2.267
-2.26
-2.256
-2.255
-2.251
-2.249
-2.254
-2.257
-2.26
-2.263
-2.256
-2.248
-2.248
-2.256
-2.255
-2.26
-2.271
-2.268
-2.255
-2.25
-2.252
-2.252
-2.251
-2.253
-2.253
-2.255
-2.259
-2.259
-2.26
-2.264
-2.259
-2.252
-2.255
-2.256
-2.252
-2.256
-2.26
-2.259
-2.255
-2.251
-2.251
-2.253
-2.253
-2.255
-2.256
-2.253
-2.255
-2.252
-2.248
-2.249
-2.246
-2.249
-2.253
-2.256
-2.257
-2.255
-2.253
-2.255
-2.261
-2.255
-2.246
-2.248
-2.251
-2.252
-2.253
-2.257
-2.258
-2.257
-2.255
-2.244
-2.236
-2.239
-2.243
-2.244
-2.243
-2.239
-2.237
-2.236
-2.235
-2.24
-2.243
-2.243
-2.248
-2.253
-2.252
-2.245
-2.241
-2.24
-2.241
-2.235
-2.236
-2.245
-2.247
-2.245
-2.241
-2.239
-2.245
-2.245
-2.243
-2.245
-2.241
-2.24
-2.245
-2.242
-2.244
-2.256
-2.256
-2.248
-2.244
-2.242
-2.244
-2.245
-2.245
-2.248
-2.245
-2.241
-2.241
-2.248
-2.252
-2.247
-2.245
-2.244
-2.244
-2.242
-2.244
-2.25
-2.249
-2.248
-2.25
-2.248
-2.248
-2.249
-2.249
-2.249
-2.245
-2.244
-2.249
-2.251
-2.251
-2.247
-2.244
-2.246
-2.247
-2.251
-2.25
-2.248
-2.253
-2.253
-2.251
-2.252
-2.246
-2.242
-2.243
-2.24
-2.251
-2.263
-2.253
-2.244
-2.247
-2.253
-2.256
-2.248
-2.241
-2.246
-2.251
-2.249
-2.247
-2.248
-2.249
-2.245
-2.248
-2.249
-2.249
-2.252
-2.255
-2.254
-2.252
-2.261
-2.264
-2.251
-2.24
-2.237
-2.244
-2.248
-2.249
-2.249
-2.248
-2.249
-2.247
-2.251
-2.256
-2.248
-2.245
-2.251
-2.253
-2.255
-2.256
-2.253
-2.252
-2.255
-2.255
-2.25
-2.249
-2.256
-2.256
-2.253
-2.257
-2.255
-2.253
-2.257
-2.252
-2.249
-2.252
-2.247
-2.248
-2.252
-2.251
-2.251
-2.252
-2.256
-2.26
-2.256
-2.255
-2.259
-2.261
-2.259
-2.252
-2.244
-2.243
-2.252
-2.254
-2.253
-2.252
-2.248
-2.246
-2.246
-2.252
-2.252
-2.251
-2.247
-2.247
-2.248
-2.252
-2.26
-2.253
-2.253
-2.259
-2.263
-2.267
-2.26
-2.255
-2.254
-2.254
-2.252
-2.252
-2.252
-2.255
-2.252
-2.249
-2.248
-2.257
-2.261
-2.248
-2.248
-2.245
-2.244
-2.248
-2.252
-2.253
-2.252
-2.248
-2.244
-2.244
-2.244
-2.246
-2.244
-2.247
-2.252
-2.252
-2.252
-2.259
-2.264
-2.257
-2.257
-2.262
-2.262
-2.259
-2.26
-2.259
-2.252
-2.252
-2.259
-2.256
-2.251
-2.251
-2.252
-2.256
-2.254
-2.248
-2.248
-2.249
-2.251
-2.253
-2.255
-2.256
-2.258
-2.26
-2.26
-2.26
-2.257
-2.253
-2.254
-2.256
-2.257
-2.259
-2.257
-2.257
-2.26
-2.261
-2.262
-2.256
-2.251
-2.256
-2.258
-2.256
-2.257
-2.257
-2.25
-2.244
-2.247
-2.248
-2.254
-2.257
-2.253
-2.252
-2.255
-2.259
-2.26
-2.251
-2.246
-2.253
-2.257
-2.257
-2.253
-2.248
-2.251
-2.255
-2.257
-2.253
-2.249
-2.248
-2.247
-2.251
-2.253
-2.256
-2.256
-2.248
-2.244
-2.247
-2.252
-2.253
-2.249
-2.24
-2.24
-2.246
-2.257
-2.264
-2.255
-2.246
-2.245
-2.248
-2.249
-2.245
-2.241
-2.245
-2.245
-2.24
-2.241
-2.244
-2.251
-2.251
-2.252
-2.255
-2.252
-2.252
-2.255
-2.252
-2.251
-2.251
-2.248
-2.249
-2.252
-2.252
-2.251
-2.255
-2.257
-2.249
-2.249
-2.249
-2.249
-2.249
-2.249
-2.252
-2.253
-2.26
-2.256
-2.254
-2.259
-2.257
-2.252
-2.246
-2.251
-2.253
-2.255
-2.257
-2.253
-2.248
-2.249
-2.252
-2.246
-2.244
-2.241
-2.244
-2.248
-2.244
-2.242
-2.246
-2.248
-2.24
-2.241
-2.247
-2.238
-2.228
-2.223
-2.223
-2.225
-2.223
-2.216
-2.216
-2.218
-2.211
-2.2
-2.197
-2.191
-2.184
-2.18
-2.179
-2.175
-2.169
-2.164
-2.155
-2.147
-2.14
-2.147
-2.154
-2.15
-2.146
-2.147
-2.15
-2.147
-2.143
-2.145
-2.151
-2.151
-2.144
-2.141
-2.139
-2.144
-2.15
-2.149
-2.147
-2.154
-2.162
-2.156
-2.147
-2.139
-2.135
-2.134
-2.13
-2.127
-2.13
-2.135
-2.143
-2.136
-2.119
-2.119
-2.12
-2.119
-2.129
-2.134
-2.135
-2.139
-2.14
-2.145
-2.148
-2.148
-2.149
-2.146
-2.147
-2.146
-2.147
-2.15
-2.151
-2.158
-2.166
-2.171
-2.179
-2.192
-2.2
-2.205
-2.205
-2.209
-2.216
-2.22
-2.22
-2.228
-2.236
-2.237
-2.241
-2.244
-2.253
-2.254
-2.258
-2.267
-2.264
-2.265
-2.273
-2.276
-2.277
-2.286
-2.292
-2.294
-2.288
-2.288
-2.295
-2.293
-2.292
-2.291
-2.297
-2.295
-2.293
-2.289
-2.292
-2.297
-2.291
-2.293
-2.297
-2.299
-2.3
-2.302
-2.302
-2.3
-2.304
-2.307
-2.306
-2.304
-2.304
-2.301
-2.297
-2.306
-2.316
-2.311
-2.306
-2.306
-2.305
-2.308
-2.309
-2.308
-2.297
-2.292
-2.295
-2.294
-2.296
-2.303
-2.31
-2.309
-2.305
-2.303
-2.304
-2.307
-2.308
-2.308
-2.307
-2.309
-2.313
-2.316
-2.317
-2.313
-2.313
-2.318
-2.32
-2.329
-2.337
-2.347
-2.361
-2.37
-2.382
-2.393
-2.401
-2.416
-2.442
-2.456
-2.463
-2.47
-2.471
-2.473
-2.465
-2.457
-2.45
-2.442
-2.447
-2.441
-2.419
-2.392
-2.358
-2.32
-2.28
-2.245
-2.203
-2.155
-2.107
-2.049
-1.974
-1.885
-1.802
-1.728
-1.667
-1.632
-1.608
-1.574
-1.548
-1.525
-1.488
-1.447
-1.397
-1.353
-1.317
-1.286
-1.262
-1.246
-1.244
-1.245
-1.249
-1.26
-1.289
-1.327
-1.373
-1.428
-1.484
-1.567
-1.668
-1.772
-1.863
-1.942
-2.01
-2.058
-2.101
-2.14
-2.176
-2.207
-2.228
-2.244
-2.267
-2.289
-2.297
-2.308
-2.328
-2.342
-2.343
-2.342
-2.333
-2.322
-2.321
-2.31
-2.296
-2.291
-2.281
-2.274
-2.277
-2.273
-2.267
-2.264
-2.257
-2.255
-2.249
-2.243
-2.241
-2.236
-2.23
-2.228
-2.231
-2.235
-2.242
-2.251
-2.248
-2.234
-2.236
-2.243
-2.238
-2.241
-2.244
-2.245
-2.248
-2.246
-2.248
-2.249
-2.248
-2.247
-2.244
-2.245
-2.248
-2.252
-2.252
-2.251
-2.252
-2.248
-2.248
-2.256
-2.257
-2.245
-2.244
-2.249
-2.252
-2.25
-2.245
-2.243
-2.237
-2.237
-2.236
-2.232
-2.232
-2.233
-2.235
-2.238
-2.245
-2.241
-2.233
-2.233
-2.233
-2.241
-2.248
-2.243
-2.235
-2.232
-2.236
-2.239
-2.236
-2.236
-2.24
-2.238
-2.237
-2.235
-2.233
-2.232
-2.231
-2.229
-2.223
-2.227
-2.227
-2.22
-2.222
-2.224
-2.221
-2.22
-2.219
-2.22
-2.22
-2.218
-2.216
-2.216
-2.216
-2.208
-2.2
-2.201
-2.208
-2.216
-2.22
-2.221
-2.219
-2.209
-2.204
-2.206
-2.212
-2.22
-2.219
-2.211
-2.212
-2.208
-2.204
-2.207
-2.195
-2.188
-2.192
-2.193
-2.202
-2.2
-2.187
-2.192
-2.193
-2.191
-2.192
-2.188
-2.191
-2.192
-2.188
-2.183
-2.178
-2.176
-2.179
-2.181
-2.179
-2.178
-2.18
-2.179
-2.178
-2.172
-2.168
-2.171
-2.172
-2.164
-2.158
-2.16
-2.16
-2.16
-2.166
-2.168
-2.164
-2.161
-2.156
-2.155
-2.155
-2.155
-2.149
-2.143
-2.143
-2.142
-2.144
-2.148
-2.143
-2.137
-2.136
-2.135
-2.134
-2.134
-2.13
-2.127
-2.123
-2.12
-2.119
-2.115
-2.113
-2.111
-2.113
-2.111
-2.103
-2.107
-2.102
-2.09
-2.089
-2.089
-2.083
-2.079
-2.074
-2.07
-2.066
-2.064
-2.059
-2.053
-2.052
-2.05
-2.047
-2.043
-2.042
-2.041
-2.03
-2.022
-2.028
-2.031
-2.023
-2.014
-2.013
-2.014
-2.012
-2.009
-2.008
-2.005
-1.999
-1.996
-1.995
-1.993
-1.993
-1.989
-1.98
-1.979
-1.975
-1.967
-1.962
-1.96
-1.96
-1.958
-1.958
-1.954
-1.947
-1.943
-1.938
-1.938
-1.938
-1.938
-1.938
-1.935
-1.935
-1.935
-1.937
-1.937
-1.932
-1.931
-1.93
-1.927
-1.927
-1.922
-1.916
-1.913
-1.911
-1.913
-1.92
-1.923
-1.923
-1.925
-1.925
-1.922
-1.919
-1.921
-1.927
-1.929
-1.933
-1.94
-1.944
-1.949
-1.951
-1.958
-1.963
-1.966
-1.972
-1.978
-1.984
-1.99
-1.996
-1.997
-2.0
-2.006
-2.014
-2.024
-2.026
-2.034
-2.05
-2.056
-2.061
-2.064
-2.066
-2.075
-2.084
-2.09
-2.087
-2.094
-2.105
-2.112
-2.119
-2.127
-2.13
-2.135
-2.142
-2.148
-2.158
-2.168
-2.176
-2.179
-2.179
-2.179
-2.186
-2.191
-2.192
-2.196
-2.198
-2.199
-2.203
-2.209
-2.213
-2.207
-2.212
-2.223
-2.227
-2.226
-2.221
-2.226
-2.232
-2.239
-2.236
-2.235
-2.24
-2.242
-2.244
-2.245
-2.246
-2.249
-2.254
-2.258
-2.257
-2.263
-2.272
-2.272
-2.263
-2.256
-2.263
-2.262
-2.259
-2.26
-2.263
-2.269
-2.264
-2.263
-2.267
-2.269
-2.271
-2.272
-2.269
-2.268
-2.268
-2.267
-2.269
-2.272
-2.271
-2.272
-2.272
-2.27
-2.272
-2.272
-2.276
-2.271
-2.264
-2.264
-2.269
-2.274
-2.275
-2.276
-2.278
-2.278
-2.276
-2.277
-2.279
-2.277
-2.277
-2.279
-2.276
-2.272
-2.276
-2.28
-2.283
-2.282
-2.28
-2.279
-2.275
-2.275
-2.275
-2.279
-2.281
-2.276
-2.276
-2.276
-2.272
-2.27
-2.269
-2.274
-2.277
-2.277
-2.277
-2.277
-2.283
-2.289
-2.283
-2.272
-2.272
-2.274
-2.272
-2.275
-2.276
-2.272
-2.268
-2.271
-2.28
-2.276
-2.272
-2.275
-2.277
-2.28
-2.279
-2.275
-2.278
-2.282
-2.276
-2.268
-2.275
-2.284
-2.284
-2.28
-2.276
-2.271
-2.265
-2.269
-2.271
-2.272
-2.276
-2.279
-2.28
-2.281
-2.28
-2.282
-2.283
-2.283
-2.28
-2.277
-2.275
-2.27
-2.271
-2.273
-2.274
-2.276
-2.276
-2.272
-2.273
-2.274
-2.27
-2.273
-2.276
-2.273
-2.273
-2.276
-2.278
-2.28
-2.287
-2.29
-2.284
-2.285
-2.286
-2.281
-2.279
-2.279
-2.278
-2.276
-2.276
-2.278
-2.277
-2.279
-2.281
-2.281
-2.283
-2.284
-2.283
-2.281
-2.281
-2.28
-2.284
-2.287
-2.281
-2.282
-2.283
-2.284
-2.288
-2.289
-2.291
-2.289
-2.291
-2.288
-2.283
-2.281
-2.283
-2.285
-2.284
-2.285
-2.284
-2.285
-2.289
-2.285
-2.285
-2.291
-2.294
-2.296
-2.299
-2.303
-2.297
-2.293
-2.296
-2.298
-2.296
-2.289
-2.291
-2.293
-2.291
-2.292
-2.296
-2.297
-2.297
-2.296
-2.296
-2.297
-2.296
-2.294
-2.293
-2.297
-2.3
-2.304
-2.302
-2.297
-2.3
-2.303
-2.304
-2.303
-2.3
-2.303
-2.3
-2.297
-2.303
-2.306
-2.311
-2.304
-2.293
-2.298
-2.3
-2.3
-2.305
-2.307
-2.307
-2.308
-2.308
-2.311
-2.312
-2.311
-2.311
-2.305
-2.3
-2.302
-2.305
-2.312
-2.313
-2.309
-2.311
-2.307
-2.308
-2.311
-2.311
-2.312
-2.313
-2.309
-2.305
-2.308
-2.313
-2.313
-2.313
-2.311
-2.308
-2.31
-2.313
-2.321
-2.32
-2.315
-2.318
-2.318
-2.318
-2.321
-2.325
-2.322
-2.318
-2.321
-2.319
-2.321
-2.321
-2.316
-2.317
-2.32
-2.319
-2.318
-2.319
-2.319
-2.32
-2.322
-2.325
-2.329
-2.328
-2.322
-2.316
-2.315
-2.323
-2.328
-2.325
-2.32
-2.32
-2.317
-2.317
-2.318
-2.319
-2.317
-2.313
-2.313
-2.312
-2.315
-2.321
-2.323
-2.325
-2.325
-2.326
-2.33
-2.328
-2.324
-2.326
-2.33
-2.33
-2.328
-2.328
-2.327
-2.333
-2.34
-2.334
-2.33
-2.328
-2.325
-2.326
-2.329
-2.33
-2.33
-2.326
-2.322
-2.325
-2.329
-2.33
-2.333
-2.332
-2.328
-2.334
-2.341
-2.338
-2.329
-2.329
-2.326
-2.317
-2.321
-2.325
-2.326
-2.327
-2.329
-2.33
-2.332
-2.333
-2.331
-2.333
-2.336
-2.34
-2.342
-2.34
-2.34
-2.34
-2.338
-2.342
-2.349
-2.341
-2.329
-2.33
-2.333
-2.334
-2.336
-2.333
-2.337
-2.341
-2.34
-2.342
-2.345
-2.341
-2.341
-2.341
-2.337
-2.325
-2.328
-2.339
-2.34
-2.342
-2.345
-2.342
-2.338
-2.337
-2.338
-2.338
-2.335
-2.333
-2.334
-2.341
-2.35
-2.341
-2.335
-2.334
-2.334
-2.342
-2.351
-2.349
-2.338
-2.339
-2.342
-2.345
-2.344
-2.339
-2.341
-2.343
-2.343
-2.341
-2.344
-2.349
-2.35
-2.345
-2.341
-2.344
-2.345
-2.346
-2.345
-2.341
-2.343
-2.344
-2.344
-2.346
-2.348
-2.349
-2.345
-2.345
-2.349
-2.352
-2.35
-2.349
-2.349
-2.346
-2.348
-2.346
-2.348
-2.353
-2.348
-2.344
-2.337
-2.336
-2.338
-2.333
-2.328
-2.325
-2.325
-2.324
-2.324
-2.317
-2.305
-2.299
-2.3
-2.293
-2.286
-2.286
-2.286
-2.283
-2.276
-2.269
-2.261
-2.263
-2.265
-2.262
-2.257
-2.251
-2.249
-2.248
-2.243
-2.241
-2.24
-2.236
-2.24
-2.244
-2.242
-2.237
-2.236
-2.235
-2.237
-2.24
-2.239
-2.245
-2.257
-2.259
-2.253
-2.256
-2.257
-2.256
-2.252
-2.248
-2.24
-2.231
-2.228
-2.235
-2.24
-2.24
-2.241
-2.236
-2.229
-2.228
-2.232
-2.233
-2.232
-2.232
-2.242
-2.253
-2.256
-2.257
-2.256
-2.258
-2.256
-2.256
-2.255
-2.255
-2.264
-2.264
-2.261
-2.256
-2.261
-2.276
-2.288
-2.295
-2.301
-2.305
-2.313
-2.32
-2.324
-2.324
-2.325
-2.333
-2.335
-2.34
-2.349
-2.357
-2.359
-2.364
-2.375
-2.381
-2.381
-2.381
-2.384
-2.386
-2.39
-2.392
-2.396
-2.395
-2.392
-2.397
-2.401
-2.405
-2.402
-2.398
-2.4
-2.404
-2.413
-2.413
-2.404
-2.401
-2.405
-2.403
-2.404
-2.409
-2.412
-2.409
-2.405
-2.41
-2.413
-2.411
-2.404
-2.403
-2.406
-2.406
-2.408
-2.409
-2.409
-2.408
-2.411
-2.414
-2.412
-2.412
-2.417
-2.416
-2.414
-2.416
-2.417
-2.414
-2.413
-2.415
-2.417
-2.423
-2.425
-2.417
-2.412
-2.41
-2.413
-2.417
-2.417
-2.416
-2.416
-2.419
-2.424
-2.425
-2.426
-2.434
-2.442
-2.45
-2.459
-2.47
-2.486
-2.498
-2.505
-2.518
-2.539
-2.55
-2.548
-2.555
-2.565
-2.571
-2.576
-2.571
-2.563
-2.554
-2.545
-2.546
-2.543
-2.529
-2.499
-2.462
-2.423
-2.378
-2.342
-2.298
-2.25
-2.197
-2.146
-2.087
-2.002
-1.921
-1.848
-1.788
-1.754
-1.729
-1.694
-1.665
-1.637
-1.595
-1.554
-1.51
-1.464
-1.418
-1.401
-1.39
-1.371
-1.361
-1.355
-1.366
-1.379
-1.403
-1.44
-1.485
-1.542
-1.601
-1.688
-1.791
-1.901
-2.002
-2.074
-2.131
-2.187
-2.239
-2.269
-2.301
-2.337
-2.357
-2.376
-2.401
-2.422
-2.433
-2.441
-2.454
-2.466
-2.462
-2.458
-2.456
-2.449
-2.44
-2.429
-2.417
-2.403
-2.395
-2.394
-2.389
-2.381
-2.378
-2.376
-2.37
-2.37
-2.373
-2.362
-2.349
-2.346
-2.349
-2.349
-2.351
-2.353
-2.353
-2.353
-2.357
-2.365
-2.365
-2.356
-2.348
-2.349
-2.352
-2.355
-2.357
-2.357
-2.358
-2.356
-2.356
-2.361
-2.358
-2.356
-2.359
-2.36
-2.36
-2.359
-2.366
-2.365
-2.354
-2.345
-2.347
-2.353
-2.353
-2.349
-2.348
-2.35
-2.352
-2.356
-2.358
-2.36
-2.365
-2.364
-2.356
-2.349
-2.348
-2.348
-2.345
-2.342
-2.343
-2.345
-2.346
-2.345
-2.343
-2.342
-2.344
-2.344
-2.342
-2.344
-2.344
-2.345
-2.345
-2.338
-2.338
-2.343
-2.345
-2.341
-2.34
-2.341
-2.34
-2.342
-2.337
-2.333
-2.33
-2.332
-2.333
-2.336
-2.345
-2.34
-2.33
-2.331
-2.333
-2.333
-2.33
-2.324
-2.325
-2.324
-2.319
-2.32
-2.322
-2.321
-2.32
-2.322
-2.32
-2.317
-2.318
-2.322
-2.327
-2.326
-2.325
-2.326
-2.323
-2.313
-2.304
-2.305
-2.308
-2.308
-2.307
-2.301
-2.3
-2.304
-2.301
-2.294
-2.293
-2.294
-2.292
-2.291
-2.291
-2.292
-2.291
-2.29
-2.289
-2.288
-2.289
-2.288
-2.285
-2.284
-2.284
-2.28
-2.279
-2.276
-2.275
-2.275
-2.271
-2.268
-2.265
-2.266
-2.267
-2.272
-2.276
-2.265
-2.256
-2.257
-2.26
-2.262
-2.26
-2.256
-2.253
-2.251
-2.24
-2.232
-2.239
-2.24
-2.241
-2.238
-2.228
-2.231
-2.234
-2.231
-2.222
-2.219
-2.219
-2.217
-2.217
-2.212
-2.207
-2.208
-2.208
-2.204
-2.196
-2.191
-2.191
-2.19
-2.184
-2.179
-2.177
-2.175
-2.173
-2.171
-2.166
-2.163
-2.159
-2.153
-2.151
-2.15
-2.148
-2.146
-2.139
-2.134
-2.131
-2.127
-2.123
-2.118
-2.119
-2.115
-2.106
-2.107
-2.106
-2.1
-2.094
-2.089
-2.09
-2.088
-2.078
-2.075
-2.074
-2.072
-2.071
-2.068
-2.067
-2.068
-2.067
-2.062
-2.054
-2.049
-2.053
-2.05
-2.042
-2.037
-2.037
-2.035
-2.03
-2.027
-2.026
-2.026
-2.025
-2.021
-2.02
-2.015
-2.011
-2.014
-2.016
-2.014
-2.014
-2.014
-2.013
-2.014
-2.009
-2.006
-2.011
-2.01
-2.01
-2.008
-2.009
-2.017
-2.027
-2.027
-2.017
-2.018
-2.026
-2.03
-2.034
-2.043
-2.051
-2.053
-2.055
-2.065
-2.073
-2.08
-2.085
-2.089
-2.095
-2.101
-2.103
-2.107
-2.115
-2.123
-2.134
-2.148
-2.158
-2.144
-2.139
-2.156
-2.168
-2.177
-2.188
-2.195
-2.201
-2.203
-2.206
-2.216
-2.224
-2.229
-2.233
-2.24
-2.245
-2.251
-2.252
-2.252
-2.255
-2.261
-2.268
-2.275
-2.28
-2.283
-2.284
-2.288
-2.293
-2.297
-2.303
-2.301
-2.305
-2.311
-2.309
-2.313
-2.325
-2.328
-2.318
-2.321
-2.325
-2.328
-2.33
-2.33
-2.329
-2.328
-2.33
-2.335
-2.333
-2.338
-2.341
-2.336
-2.337
-2.34
-2.345
-2.345
-2.345
-2.344
-2.344
-2.35
-2.353
-2.349
-2.35
-2.357
-2.353
-2.349
-2.348
-2.344
-2.346
-2.353
-2.358
-2.357
-2.356
-2.354
-2.352
-2.353
-2.355
-2.359
-2.36
-2.36
-2.358
-2.357
-2.362
-2.364
-2.354
-2.353
-2.357
-2.354
-2.347
-2.348
-2.358
-2.364
-2.365
-2.358
-2.355
-2.362
-2.366
-2.36
-2.358
-2.362
-2.36
-2.356
-2.353
-2.357
-2.357
-2.353
-2.355
-2.355
-2.357
-2.362
-2.361
-2.353
-2.353
-2.357
-2.36
-2.356
-2.353
-2.355
-2.357
-2.357
-2.356
-2.354
-2.353
-2.353
-2.354
-2.354
-2.35
-2.346
-2.349
-2.356
-2.355
-2.356
-2.36
-2.355
-2.353
-2.353
-2.348
-2.349
-2.354
-2.353
-2.351
-2.352
-2.347
-2.342
-2.343
-2.345
-2.348
-2.35
-2.349
-2.347
-2.35
-2.35
-2.353
-2.353
-2.346
-2.347
-2.352
-2.349
-2.345
-2.346
-2.35
-2.35
-2.345
-2.344
-2.348
