-2.435
-2.438
-2.443
-2.445
-2.44
-2.437
-2.439
-2.443
-2.443
-2.443
-2.446
-2.448
-2.446
-2.443
-2.446
-2.45
-2.451
-2.451
-2.453
-2.454
-2.444
-2.439
-2.449
-2.45
-2.446
-2.446
-2.441
-2.439
-2.442
-2.447
-2.451
-2.447
-2.445
-2.45
-2.452
-2.451
-2.446
-2.441
-2.445
-2.447
-2.447
-2.444
-2.444
-2.45
-2.451
-2.45
-2.446
-2.446
-2.453
-2.454
-2.45
-2.45
-2.454
-2.451
-2.453
-2.454
-2.455
-2.457
-2.461
-2.459
-2.451
-2.445
-2.442
-2.443
-2.441
-2.445
-2.45
-2.447
-2.446
-2.449
-2.45
-2.448
-2.447
-2.448
-2.448
-2.45
-2.454
-2.457
-2.459
-2.459
-2.456
-2.452
-2.453
-2.451
-2.447
-2.446
-2.446
-2.445
-2.446
-2.449
-2.45
-2.452
-2.45
-2.454
-2.459
-2.454
-2.45
-2.45
-2.45
-2.45
-2.454
-2.454
-2.452
-2.451
-2.45
-2.453
-2.459
-2.459
-2.45
-2.445
-2.446
-2.451
-2.454
-2.451
-2.453
-2.454
-2.454
-2.454
-2.458
-2.454
-2.447
-2.451
-2.456
-2.463
-2.458
-2.446
-2.445
-2.447
-2.45
-2.45
-2.451
-2.455
-2.454
-2.454
-2.453
-2.45
-2.454
-2.454
-2.447
-2.445
-2.445
-2.446
-2.447
-2.451
-2.451
-2.449
-2.443
-2.44
-2.445
-2.446
-2.449
-2.451
-2.45
-2.447
-2.444
-2.452
-2.457
-2.454
-2.453
-2.45
-2.45
-2.454
-2.452
-2.451
-2.45
-2.451
-2.454
-2.454
-2.454
-2.453
-2.453
-2.448
-2.448
-2.45
-2.448
-2.449
-2.446
-2.441
-2.439
-2.443
-2.444
-2.443
-2.446
-2.447
-2.448
-2.446
-2.443
-2.447
-2.453
-2.451
-2.45
-2.45
-2.453
-2.458
-2.453
-2.441
-2.442
-2.447
-2.449
-2.449
-2.45
-2.454
-2.453
-2.45
-2.446
-2.449
-2.45
-2.45
-2.454
-2.455
-2.453
-2.453
-2.453
-2.451
-2.454
-2.458
-2.455
-2.451
-2.448
-2.446
-2.446
-2.445
-2.442
-2.441
-2.442
-2.436
-2.429
-2.434
-2.433
-2.43
-2.432
-2.43
-2.428
-2.421
-2.417
-2.421
-2.421
-2.41
-2.413
-2.41
-2.394
-2.389
-2.377
-2.368
-2.362
-2.36
-2.361
-2.362
-2.358
-2.35
-2.341
-2.337
-2.337
-2.33
-2.323
-2.317
-2.319
-2.323
-2.321
-2.325
-2.328
-2.332
-2.338
-2.345
-2.348
-2.346
-2.347
-2.345
-2.345
-2.349
-2.352
-2.35
-2.344
-2.341
-2.337
-2.337
-2.33
-2.325
-2.326
-2.326
-2.325
-2.32
-2.319
-2.32
-2.319
-2.326
-2.333
-2.336
-2.338
-2.34
-2.345
-2.35
-2.35
-2.352
-2.355
-2.358
-2.355
-2.357
-2.358
-2.36
-2.365
-2.365
-2.373
-2.382
-2.388
-2.397
-2.403
-2.406
-2.406
-2.4
-2.4
-2.41
-2.418
-2.423
-2.427
-2.431
-2.436
-2.441
-2.446
-2.457
-2.463
-2.463
-2.467
-2.473
-2.478
-2.475
-2.469
-2.475
-2.481
-2.478
-2.475
-2.475
-2.478
-2.484
-2.485
-2.483
-2.487
-2.49
-2.49
-2.49
-2.491
-2.495
-2.494
-2.49
-2.493
-2.494
-2.494
-2.493
-2.49
-2.489
-2.488
-2.491
-2.491
-2.491
-2.497
-2.496
-2.495
-2.498
-2.497
-2.494
-2.491
-2.489
-2.485
-2.483
-2.488
-2.495
-2.494
-2.49
-2.49
-2.49
-2.494
-2.494
-2.494
-2.495
-2.497
-2.497
-2.496
-2.495
-2.497
-2.498
-2.493
-2.489
-2.487
-2.491
-2.496
-2.495
-2.498
-2.502
-2.506
-2.509
-2.514
-2.522
-2.527
-2.541
-2.546
-2.558
-2.575
-2.586
-2.595
-2.611
-2.624
-2.626
-2.632
-2.638
-2.645
-2.655
-2.648
-2.64
-2.636
-2.631
-2.626
-2.616
-2.595
-2.561
-2.525
-2.486
-2.45
-2.412
-2.366
-2.316
-2.264
-2.213
-2.14
-2.057
-1.985
-1.917
-1.869
-1.852
-1.831
-1.8
-1.782
-1.747
-1.706
-1.66
-1.611
-1.565
-1.524
-1.508
-1.5
-1.498
-1.492
-1.478
-1.48
-1.496
-1.529
-1.571
-1.623
-1.677
-1.748
-1.839
-1.945
-2.05
-2.131
-2.201
-2.255
-2.296
-2.33
-2.361
-2.396
-2.425
-2.445
-2.465
-2.491
-2.502
-2.509
-2.522
-2.535
-2.542
-2.542
-2.538
-2.523
-2.511
-2.499
-2.479
-2.467
-2.465
-2.464
-2.46
-2.455
-2.449
-2.445
-2.442
-2.437
-2.433
-2.428
-2.424
-2.417
-2.414
-2.417
-2.418
-2.417
-2.413
-2.416
-2.421
-2.422
-2.427
-2.427
-2.428
-2.423
-2.421
-2.429
-2.43
-2.431
-2.429
-2.421
-2.412
-2.413
-2.42
-2.422
-2.424
-2.421
-2.417
-2.418
-2.418
-2.414
-2.416
-2.42
-2.418
-2.417
-2.417
-2.424
-2.422
-2.414
-2.416
-2.412
-2.408
-2.406
-2.409
-2.416
-2.418
-2.409
-2.401
-2.402
-2.403
-2.404
-2.404
-2.405
-2.405
-2.405
-2.406
-2.406
-2.406
-2.402
-2.398
-2.397
-2.398
-2.399
-2.402
-2.399
-2.396
-2.399
-2.405
-2.406
-2.398
-2.389
-2.388
-2.394
-2.397
-2.394
-2.393
-2.393
-2.39
-2.39
-2.386
-2.382
-2.386
-2.389
-2.385
-2.381
-2.386
-2.387
-2.387
-2.386
-2.377
-2.375
-2.377
-2.38
-2.378
-2.376
-2.375
-2.375
-2.375
-2.373
-2.371
-2.372
-2.372
-2.37
-2.368
-2.365
-2.364
-2.361
-2.364
-2.362
-2.36
-2.362
-2.362
-2.362
-2.364
-2.364
-2.365
-2.36
-2.354
-2.359
-2.358
-2.353
-2.349
-2.346
-2.348
-2.348
-2.344
-2.34
-2.339
-2.333
-2.331
-2.333
-2.33
-2.334
-2.34
-2.341
-2.335
-2.33
-2.325
-2.32
-2.321
-2.317
-2.316
-2.315
-2.309
-2.311
-2.32
-2.324
-2.314
-2.304
-2.307
-2.313
-2.312
-2.302
-2.299
-2.297
-2.291
-2.288
-2.288
-2.283
-2.28
-2.282
-2.28
-2.275
-2.272
-2.272
-2.272
-2.27
-2.266
-2.26
-2.254
-2.249
-2.249
-2.253
-2.244
-2.237
-2.243
-2.244
-2.237
-2.236
-2.234
-2.228
-2.221
-2.217
-2.215
-2.212
-2.212
-2.208
-2.204
-2.201
-2.195
-2.188
-2.184
-2.183
-2.18
-2.176
-2.167
-2.16
-2.162
-2.159
-2.151
-2.148
-2.151
-2.153
-2.147
-2.139
-2.135
-2.131
-2.129
-2.127
-2.127
-2.124
-2.123
-2.123
-2.116
-2.113
-2.11
-2.103
-2.092
-2.091
-2.096
-2.095
-2.091
-2.09
-2.092
-2.088
-2.086
-2.083
-2.08
-2.08
-2.078
-2.076
-2.073
-2.072
-2.079
-2.073
-2.063
-2.063
-2.068
-2.074
-2.077
-2.078
-2.072
-2.068
-2.067
-2.068
-2.075
-2.074
-2.072
-2.082
-2.084
-2.08
-2.079
-2.086
-2.091
-2.092
-2.101
-2.102
-2.105
-2.111
-2.109
-2.115
-2.124
-2.135
-2.142
-2.148
-2.155
-2.16
-2.168
-2.175
-2.179
-2.184
-2.193
-2.2
-2.201
-2.207
-2.215
-2.232
-2.241
-2.237
-2.24
-2.245
-2.249
-2.259
-2.265
-2.265
-2.271
-2.278
-2.279
-2.288
-2.296
-2.303
-2.311
-2.312
-2.317
-2.325
-2.328
-2.331
-2.333
-2.337
-2.339
-2.341
-2.344
-2.348
-2.353
-2.356
-2.354
-2.349
-2.349
-2.355
-2.358
-2.365
-2.369
-2.373
-2.37
-2.369
-2.376
-2.377
-2.381
-2.385
-2.379
-2.374
-2.378
-2.38
-2.382
-2.384
-2.384
-2.381
-2.385
-2.384
-2.378
-2.381
-2.385
-2.389
-2.389
-2.384
-2.378
-2.377
-2.383
-2.389
-2.397
-2.406
-2.401
-2.388
-2.385
-2.39
-2.389
-2.393
-2.393
-2.392
-2.401
-2.395
-2.386
-2.384
-2.38
-2.381
-2.379
-2.378
-2.38
-2.382
-2.388
-2.393
-2.393
-2.384
-2.385
-2.388
-2.389
-2.393
-2.39
-2.389
-2.385
-2.381
-2.384
-2.384
-2.384
-2.381
-2.381
-2.385
-2.388
-2.39
-2.389
-2.389
-2.387
-2.389
-2.39
-2.386
-2.387
-2.386
-2.387
-2.384
-2.382
-2.384
-2.381
-2.385
-2.386
-2.389
-2.393
-2.391
-2.393
-2.391
-2.389
-2.391
-2.389
-2.388
-2.387
-2.387
-2.386
-2.385
-2.386
-2.384
-2.381
-2.385
-2.385
-2.377
-2.374
-2.379
-2.38
-2.382
-2.382
-2.38
-2.381
-2.385
-2.384
-2.376
-2.375
-2.377
-2.377
-2.374
-2.376
-2.375
-2.376
-2.38
-2.382
-2.383
-2.379
-2.373
-2.373
-2.377
-2.377
-2.376
-2.377
-2.378
-2.377
-2.374
-2.378
-2.381
-2.381
-2.386
-2.383
-2.382
-2.378
-2.373
-2.374
-2.374
-2.376
-2.377
-2.381
-2.386
-2.381
-2.373
-2.372
-2.374
-2.37
-2.377
-2.378
-2.371
-2.366
-2.366
-2.373
-2.376
-2.372
-2.373
-2.374
-2.372
-2.377
-2.376
-2.369
-2.372
-2.373
-2.373
-2.378
-2.382
-2.379
-2.377
-2.381
-2.383
-2.381
-2.381
-2.376
-2.37
-2.373
-2.379
-2.379
-2.379
-2.379
-2.378
-2.379
-2.377
-2.378
-2.384
-2.384
-2.381
-2.381
-2.38
-2.376
-2.377
-2.378
-2.378
-2.382
-2.381
-2.377
-2.375
-2.378
-2.378
-2.379
-2.382
-2.381
-2.376
-2.378
-2.386
-2.38
-2.376
-2.381
-2.385
-2.386
-2.381
-2.378
-2.383
-2.385
-2.381
-2.382
-2.384
-2.385
-2.389
-2.391
-2.384
-2.38
-2.385
-2.382
-2.381
-2.385
-2.386
-2.383
-2.383
-2.384
-2.376
-2.377
-2.382
-2.388
-2.39
-2.391
-2.39
-2.389
-2.385
-2.381
-2.382
-2.382
-2.381
-2.381
-2.382
-2.384
-2.385
-2.381
-2.377
-2.377
-2.381
-2.382
-2.379
-2.381
-2.385
-2.385
-2.386
-2.386
-2.388
-2.383
-2.38
-2.384
-2.386
-2.384
-2.377
-2.381
-2.381
-2.379
-2.383
-2.383
-2.381
-2.376
-2.374
-2.377
-2.377
-2.374
-2.377
-2.38
-2.382
-2.388
-2.387
-2.384
-2.384
-2.386
-2.387
-2.385
-2.382
-2.381
-2.386
-2.389
-2.385
-2.385
-2.384
-2.385
-2.383
-2.381
-2.383
-2.386
-2.389
-2.389
-2.385
-2.381
-2.38
-2.385
-2.385
-2.377
-2.374
-2.377
-2.379
-2.381
-2.381
-2.381
-2.385
-2.385
-2.385
-2.385
-2.389
-2.393
-2.38
-2.376
-2.382
-2.385
-2.385
-2.382
-2.386
-2.386
-2.385
-2.388
-2.387
-2.386
-2.379
-2.373
-2.377
-2.379
-2.381
-2.384
-2.385
-2.385
-2.385
-2.386
-2.389
-2.397
-2.399
-2.392
-2.385
-2.384
-2.385
-2.385
-2.384
-2.384
-2.382
-2.38
-2.378
-2.38
-2.382
-2.381
-2.381
-2.381
-2.38
-2.378
-2.381
-2.386
-2.388
-2.389
-2.39
-2.39
-2.39
-2.394
-2.393
-2.39
-2.386
-2.381
-2.386
-2.391
-2.385
-2.385
-2.385
-2.387
-2.386
-2.384
-2.386
-2.391
-2.39
-2.386
-2.385
-2.384
-2.381
-2.378
-2.386
-2.394
-2.393
-2.389
-2.38
-2.381
-2.383
-2.386
-2.388
-2.385
-2.387
-2.389
-2.389
-2.388
-2.388
-2.388
-2.386
-2.384
-2.377
-2.378
-2.38
-2.38
-2.381
-2.378
-2.383
-2.385
-2.381
-2.38
-2.383
-2.386
-2.384
-2.382
-2.383
-2.382
-2.381
-2.377
-2.381
-2.382
-2.376
-2.374
-2.372
-2.371
-2.365
-2.359
-2.361
-2.359
-2.36
-2.359
-2.357
-2.358
-2.351
-2.344
-2.337
-2.334
-2.33
-2.325
-2.315
-2.306
-2.303
-2.293
-2.291
-2.289
-2.286
-2.285
-2.279
-2.272
-2.271
-2.268
-2.264
-2.261
-2.261
-2.26
-2.262
-2.267
-2.273
-2.276
-2.278
-2.279
-2.28
-2.282
-2.285
-2.29
-2.29
-2.286
-2.281
-2.279
-2.276
-2.273
-2.271
-2.267
-2.268
-2.269
-2.256
-2.251
-2.256
-2.256
-2.258
-2.262
-2.257
-2.259
-2.264
-2.268
-2.277
-2.279
-2.283
-2.288
-2.284
-2.288
-2.291
-2.289
-2.293
-2.296
-2.297
-2.293
-2.302
-2.311
-2.314
-2.321
-2.321
-2.328
-2.334
-2.341
-2.341
-2.338
-2.333
-2.33
-2.34
-2.351
-2.358
-2.358
-2.365
-2.372
-2.375
-2.381
-2.389
-2.396
-2.397
-2.4
-2.401
-2.406
-2.405
-2.402
-2.406
-2.405
-2.404
-2.409
-2.414
-2.414
-2.417
-2.422
-2.419
-2.411
-2.405
-2.404
-2.409
-2.415
-2.417
-2.418
-2.421
-2.418
-2.416
-2.416
-2.417
-2.414
-2.414
-2.418
-2.421
-2.424
-2.422
-2.418
-2.417
-2.42
-2.421
-2.42
-2.421
-2.424
-2.426
-2.426
-2.425
-2.422
-2.418
-2.416
-2.416
-2.42
-2.414
-2.413
-2.417
-2.418
-2.417
-2.413
-2.417
-2.42
-2.418
-2.418
-2.422
-2.421
-2.423
-2.422
-2.422
-2.428
-2.429
-2.425
-2.425
-2.431
-2.443
-2.458
-2.466
-2.48
-2.49
-2.494
-2.506
-2.515
-2.523
-2.538
-2.554
-2.566
-2.571
-2.569
-2.571
-2.574
-2.567
-2.563
-2.554
-2.545
-2.541
-2.522
-2.497
-2.474
-2.432
-2.389
-2.357
-2.32
-2.279
-2.23
-2.175
-2.118
-2.038
-1.965
-1.893
-1.825
-1.788
-1.766
-1.73
-1.704
-1.687
-1.641
-1.602
-1.558
-1.505
-1.46
-1.427
-1.41
-1.395
-1.393
-1.388
-1.387
-1.399
-1.425
-1.462
-1.501
-1.552
-1.614
-1.696
-1.795
-1.903
-1.999
-2.075
-2.134
-2.183
-2.233
-2.268
-2.3
-2.335
-2.358
-2.374
-2.394
-2.414
-2.424
-2.433
-2.446
-2.459
-2.461
-2.458
-2.445
-2.436
-2.437
-2.421
-2.406
-2.398
-2.392
-2.389
-2.391
-2.385
-2.372
-2.363
-2.362
-2.358
-2.353
-2.349
-2.345
-2.338
-2.337
-2.338
-2.336
-2.34
-2.345
-2.347
-2.346
-2.344
-2.345
-2.345
-2.347
-2.351
-2.345
-2.344
-2.349
-2.345
-2.344
-2.344
-2.345
-2.345
-2.348
-2.345
-2.344
-2.345
-2.342
-2.341
-2.341
-2.345
-2.351
-2.357
-2.351
-2.33
-2.325
-2.328
-2.329
-2.334
-2.336
-2.334
-2.333
-2.33
-2.328
-2.334
-2.339
-2.337
-2.334
-2.333
-2.335
-2.337
-2.333
-2.331
-2.326
-2.323
-2.32
-2.325
-2.33
-2.327
-2.325
-2.325
-2.325
-2.329
-2.328
-2.321
-2.319
-2.317
-2.32
-2.322
-2.321
-2.32
-2.318
-2.317
-2.314
-2.312
-2.31
-2.309
-2.303
-2.304
-2.309
-2.308
-2.307
-2.306
-2.309
-2.309
-2.306
-2.305
-2.301
-2.297
-2.295
-2.296
-2.297
-2.294
-2.292
-2.293
-2.293
-2.295
-2.295
-2.296
-2.301
-2.299
-2.291
-2.291
-2.296
-2.297
-2.287
-2.283
-2.283
-2.281
-2.282
-2.279
-2.278
-2.277
-2.276
-2.272
-2.27
-2.271
-2.272
-2.272
-2.272
-2.274
-2.275
-2.272
-2.268
-2.267
-2.268
-2.268
-2.268
-2.268
-2.263
-2.26
-2.26
-2.256
-2.249
-2.248
-2.249
-2.247
-2.244
-2.245
-2.244
-2.239
-2.242
-2.243
-2.237
-2.236
-2.237
-2.235
-2.23
-2.231
-2.229
-2.228
-2.228
-2.221
-2.213
-2.209
-2.208
-2.209
-2.206
-2.201
-2.205
-2.205
-2.204
-2.203
-2.2
-2.196
-2.186
-2.181
-2.18
-2.184
-2.184
-2.175
-2.168
-2.164
-2.158
-2.151
-2.154
-2.156
-2.151
-2.143
-2.14
-2.138
-2.135
-2.132
-2.124
-2.12
-2.119
-2.114
-2.111
-2.115
-2.113
-2.109
-2.104
-2.106
-2.106
-2.095
-2.086
-2.084
-2.086
-2.08
-2.069
-2.066
-2.065
-2.065
-2.063
-2.065
-2.067
-2.058
-2.055
-2.053
-2.042
-2.036
-2.036
-2.031
-2.028
-2.029
-2.023
-2.022
-2.018
-2.012
-2.014
-2.013
-2.009
-2.006
-2.01
-2.006
-1.996
-1.996
-1.994
-1.99
-1.986
-1.984
-1.988
-1.992
-1.988
-1.98
-1.98
-1.982
-1.98
-1.977
-1.977
-1.98
-1.982
-1.98
-1.984
-1.989
-1.988
-1.996
-2.001
-2.001
-2.007
-2.007
-2.002
-2.002
-2.005
-2.009
-2.013
-2.018
-2.025
-2.034
-2.045
-2.055
-2.061
-2.069
-2.078
-2.078
-2.082
-2.083
-2.087
-2.092
-2.091
-2.102
-2.112
-2.12
-2.127
-2.131
-2.14
-2.148
-2.156
-2.17
-2.178
-2.172
-2.171
-2.179
-2.183
-2.189
-2.198
-2.204
-2.209
-2.215
-2.218
-2.223
-2.232
-2.24
-2.241
-2.243
-2.247
-2.252
-2.257
-2.258
-2.257
-2.261
-2.267
-2.268
-2.276
-2.283
-2.283
-2.283
-2.282
-2.283
-2.282
-2.285
-2.285
-2.285
-2.292
-2.292
-2.293
-2.292
-2.293
-2.3
-2.299
-2.303
-2.308
-2.304
-2.305
-2.305
-2.3
-2.304
-2.311
-2.312
-2.307
-2.306
-2.309
-2.309
-2.315
-2.312
-2.309
-2.313
-2.31
-2.308
-2.312
-2.317
-2.319
-2.314
-2.313
-2.313
-2.312
-2.312
-2.31
-2.308
-2.311
-2.313
-2.313
-2.316
-2.321
-2.325
-2.324
-2.325
-2.319
-2.316
-2.32
-2.322
-2.324
-2.321
-2.318
-2.314
-2.308
-2.304
-2.307
-2.308
-2.308
-2.31
-2.314
-2.316
-2.316
-2.321
-2.317
-2.316
-2.314
-2.311
-2.311
-2.314
-2.316
-2.319
-2.318
-2.312
-2.317
-2.317
-2.311
-2.311
-2.308
-2.313
-2.316
-2.311
-2.312
-2.315
-2.314
-2.312
-2.307
-2.308
-2.308
-2.306
-2.306
-2.307
-2.307
-2.304
-2.302
-2.301
-2.304
-2.305
-2.303
-2.306
-2.31
-2.308
-2.305
-2.305
-2.308
-2.308
-2.308
-2.308
-2.307
-2.313
-2.314
-2.309
-2.304
-2.303
-2.304
-2.305
-2.307
-2.304
-2.301
-2.304
-2.306
-2.305
-2.308
-2.305
-2.304
-2.302
-2.303
-2.297
-2.292
-2.297
-2.301
-2.305
-2.302
-2.299
-2.299
-2.301
-2.304
-2.3
-2.3
-2.307
-2.308
-2.304
-2.305
-2.311
-2.308
-2.303
-2.3
-2.303
-2.301
-2.297
-2.298
-2.298
-2.304
-2.305
-2.304
-2.302
-2.3
-2.297
-2.297
-2.3
-2.299
-2.3
-2.295
-2.291
-2.296
-2.3
-2.3
-2.3
-2.301
-2.303
-2.314
-2.314
-2.306
-2.308
-2.301
-2.296
-2.3
-2.301
-2.301
-2.301
-2.303
-2.305
-2.307
-2.309
-2.32
-2.319
-2.307
-2.303
-2.304
-2.31
-2.313
-2.312
-2.313
-2.313
-2.308
-2.303
-2.299
-2.302
-2.305
-2.305
-2.304
-2.302
-2.302
-2.306
-2.303
-2.296
-2.304
-2.309
-2.308
-2.308
-2.308
-2.308
-2.307
-2.305
-2.304
-2.307
-2.304
-2.304
-2.303
-2.303
-2.304
-2.3
-2.303
-2.309
-2.309
-2.308
-2.31
-2.316
-2.312
-2.308
-2.318
-2.313
-2.302
-2.303
-2.301
-2.303
-2.309
-2.313
-2.314
-2.311
-2.304
-2.304
-2.309
-2.311
-2.312
-2.312
-2.309
-2.311
-2.312
-2.313
-2.316
-2.317
-2.314
-2.305
-2.303
-2.304
-2.301
-2.302
-2.305
-2.303
-2.3
-2.304
-2.305
-2.308
-2.312
-2.312
-2.31
-2.311
-2.312
-2.312
-2.311
-2.308
-2.307
-2.309
-2.31
-2.308
-2.308
-2.309
-2.311
-2.313
-2.313
-2.312
-2.313
-2.313
-2.31
-2.311
-2.313
-2.312
-2.308
-2.307
-2.315
-2.323
-2.315
-2.308
-2.311
-2.313
-2.313
-2.313
-2.313
-2.314
-2.314
-2.317
-2.316
-2.316
-2.315
-2.313
-2.311
-2.31
-2.313
-2.316
-2.318
-2.319
-2.317
-2.316
-2.313
-2.317
-2.326
-2.325
-2.313
-2.311
-2.315
-2.313
-2.317
-2.32
-2.316
-2.319
-2.318
-2.31
-2.31
-2.313
-2.313
-2.309
-2.305
-2.309
-2.308
-2.308
-2.307
-2.308
-2.313
-2.311
-2.312
-2.315
-2.318
-2.321
-2.323
-2.32
-2.31
-2.305
-2.308
-2.314
-2.314
-2.308
-2.309
-2.315
-2.313
-2.313
-2.314
-2.313
-2.312
-2.313
-2.318
-2.318
-2.314
-2.313
-2.317
-2.317
-2.316
-2.317
-2.313
-2.314
-2.316
-2.317
-2.317
-2.311
-2.316
-2.321
-2.32
-2.316
-2.307
-2.307
-2.313
-2.32
-2.313
-2.308
-2.316
-2.314
-2.317
-2.317
-2.316
-2.316
-2.309
-2.309
-2.309
-2.308
-2.31
-2.312
-2.313
-2.312
-2.312
-2.309
-2.311
-2.312
-2.314
-2.321
-2.321
-2.318
-2.316
-2.316
-2.316
-2.314
-2.313
-2.317
-2.32
-2.321
-2.323
-2.321
-2.321
-2.311
-2.311
-2.32
-2.316
-2.311
-2.313
-2.318
-2.317
-2.316
-2.318
-2.32
-2.318
-2.312
-2.307
-2.307
-2.308
-2.312
-2.312
-2.312
-2.318
-2.318
-2.311
-2.307
-2.311
-2.311
-2.31
-2.305
-2.304
-2.306
-2.303
-2.307
-2.308
-2.302
-2.305
-2.308
-2.305
-2.3
-2.297
-2.296
-2.294
-2.291
-2.287
-2.282
-2.278
-2.275
-2.272
-2.272
-2.268
-2.258
-2.248
-2.24
-2.239
-2.24
-2.236
-2.226
-2.217
-2.216
-2.217
-2.218
-2.212
-2.206
-2.208
-2.204
-2.198
-2.2
-2.202
-2.196
-2.188
-2.188
-2.189
-2.192
-2.2
-2.209
-2.204
-2.193
-2.199
-2.206
-2.209
-2.209
-2.212
-2.205
-2.196
-2.196
-2.2
-2.2
-2.203
-2.203
-2.193
-2.192
-2.188
-2.187
-2.189
-2.18
-2.18
-2.188
-2.2
-2.216
-2.217
-2.21
-2.213
-2.218
-2.217
-2.217
-2.218
-2.216
-2.218
-2.216
-2.214
-2.222
-2.225
-2.224
-2.229
-2.241
-2.252
-2.259
-2.263
-2.264
-2.264
-2.264
-2.267
-2.27
-2.28
-2.286
-2.295
-2.3
-2.301
-2.305
-2.313
-2.325
-2.331
-2.336
-2.338
-2.338
-2.342
-2.343
-2.346
-2.346
-2.341
-2.344
-2.349
-2.353
-2.354
-2.349
-2.345
-2.346
-2.348
-2.349
-2.349
-2.353
-2.357
-2.356
-2.349
-2.348
-2.355
-2.353
-2.353
-2.354
-2.358
-2.363
-2.365
-2.366
-2.358
-2.353
-2.35
-2.345
-2.345
-2.351
-2.359
-2.361
-2.364
-2.36
-2.35
-2.348
-2.351
-2.354
-2.357
-2.357
-2.361
-2.358
-2.353
-2.353
-2.357
-2.358
-2.353
-2.359
-2.365
-2.36
-2.361
-2.361
-2.363
-2.364
-2.357
-2.357
-2.358
-2.358
-2.362
-2.366
-2.368
-2.37
-2.381
-2.393
-2.403
-2.411
-2.417
-2.426
-2.433
-2.441
-2.461
-2.481
-2.49
-2.499
-2.505
-2.504
-2.51
-2.508
-2.501
-2.495
-2.492
-2.494
-2.485
-2.469
-2.442
-2.405
-2.366
-2.326
-2.289
-2.251
-2.203
-2.147
-2.098
-2.03
-1.944
-1.869
-1.798
-1.74
-1.704
-1.677
-1.643
-1.622
-1.599
-1.55
-1.507
-1.458
-1.408
-1.364
-1.339
-1.331
-1.323
-1.319
-1.312
-1.316
-1.328
-1.357
-1.395
-1.436
-1.494
-1.56
-1.648
-1.75
-1.857
-1.944
-2.017
-2.081
-2.13
-2.175
-2.211
-2.242
-2.265
-2.284
-2.301
-2.325
-2.345
-2.354
-2.37
-2.386
-2.392
-2.392
-2.386
-2.379
-2.377
-2.369
-2.359
-2.345
-2.33
-2.326
-2.332
-2.333
-2.326
