0.337
0.333
0.328
0.329
0.338
0.339
0.337
0.332
0.333
0.333
0.333
0.333
0.331
0.334
0.332
0.328
0.331
0.332
0.328
0.321
0.325
0.333
0.33
0.327
0.326
0.329
0.332
0.33
0.326
0.326
0.328
0.331
0.332
0.327
0.328
0.33
0.329
0.331
0.324
0.322
0.328
0.332
0.333
0.329
0.324
0.324
0.33
0.331
0.323
0.323
0.332
0.329
0.32
0.325
0.325
0.323
0.325
0.328
0.326
0.32
0.328
0.334
0.328
0.324
0.324
0.323
0.323
0.326
0.327
0.322
0.321
0.325
0.326
0.326
0.328
0.325
0.321
0.321
0.321
0.319
0.32
0.321
0.321
0.324
0.327
0.325
0.326
0.331
0.332
0.329
0.325
0.322
0.322
0.318
0.317
0.321
0.323
0.324
0.324
0.326
0.323
0.322
0.323
0.325
0.328
0.323
0.315
0.317
0.328
0.332
0.331
0.328
0.326
0.329
0.325
0.325
0.322
0.317
0.316
0.318
0.324
0.325
0.318
0.311
0.321
0.333
0.332
0.326
0.321
0.322
0.326
0.323
0.327
0.329
0.324
0.324
0.319
0.32
0.325
0.322
0.328
0.327
0.32
0.32
0.323
0.325
0.328
0.329
0.324
0.323
0.319
0.316
0.318
0.323
0.328
0.32
0.314
0.318
0.321
0.324
0.325
0.324
0.328
0.328
0.325
0.318
0.317
0.32
0.319
0.322
0.324
0.327
0.326
0.322
0.321
0.321
0.325
0.329
0.327
0.325
0.327
0.328
0.325
0.323
0.324
0.323
0.328
0.325
0.317
0.323
0.327
0.325
0.321
0.314
0.315
0.322
0.324
0.323
0.32
0.321
0.319
0.315
0.319
0.322
0.323
0.32
0.321
0.322
0.318
0.315
0.316
0.32
0.321
0.322
0.323
0.318
0.32
0.325
0.324
0.325
0.325
0.324
0.327
0.327
0.322
0.327
0.334
0.33
0.332
0.334
0.332
0.332
0.335
0.338
0.335
0.33
0.328
0.334
0.328
0.328
0.341
0.343
0.346
0.355
0.363
0.36
0.355
0.351
0.354
0.359
0.362
0.36
0.356
0.357
0.359
0.364
0.361
0.356
0.354
0.355
0.361
0.358
0.357
0.355
0.347
0.35
0.354
0.362
0.368
0.371
0.373
0.374
0.382
0.393
0.392
0.385
0.386
0.388
0.392
0.391
0.391
0.397
0.394
0.391
0.388
0.382
0.383
0.384
0.378
0.373
0.368
0.363
0.367
0.373
0.373
0.373
0.375
0.373
0.376
0.375
0.372
0.374
0.373
0.38
0.384
0.378
0.375
0.374
0.369
0.367
0.364
0.354
0.35
0.343
0.333
0.327
0.325
0.325
0.324
0.32
0.315
0.314
0.312
0.308
0.305
0.304
0.308
0.304
0.301
0.308
0.311
0.313
0.313
0.308
0.308
0.309
0.305
0.303
0.304
0.302
0.3
0.297
0.298
0.3
0.298
0.296
0.292
0.292
0.294
0.295
0.3
0.3
0.301
0.302
0.299
0.3
0.301
0.296
0.296
0.297
0.298
0.296
0.295
0.299
0.295
0.287
0.288
0.294
0.296
0.296
0.298
0.299
0.299
0.296
0.289
0.288
0.286
0.284
0.287
0.287
0.288
0.291
0.296
0.293
0.291
0.291
0.291
0.291
0.288
0.287
0.286
0.284
0.282
0.279
0.278
0.276
0.267
0.26
0.26
0.257
0.258
0.263
0.259
0.254
0.25
0.245
0.248
0.256
0.253
0.26
0.275
0.29
0.312
0.337
0.365
0.392
0.432
0.476
0.512
0.548
0.584
0.62
0.652
0.687
0.729
0.762
0.798
0.841
0.872
0.895
0.917
0.93
0.94
0.952
0.952
0.947
0.942
0.937
0.933
0.923
0.919
0.92
0.91
0.878
0.833
0.777
0.714
0.648
0.579
0.522
0.469
0.402
0.346
0.301
0.251
0.215
0.197
0.175
0.148
0.134
0.137
0.14
0.138
0.14
0.147
0.154
0.161
0.172
0.183
0.193
0.204
0.217
0.231
0.249
0.263
0.271
0.279
0.286
0.293
0.298
0.299
0.3
0.304
0.309
0.311
0.313
0.32
0.321
0.318
0.319
0.319
0.321
0.321
0.322
0.321
0.318
0.321
0.321
0.328
0.328
0.323
0.328
0.324
0.322
0.33
0.335
0.33
0.325
0.329
0.33
0.331
0.334
0.339
0.341
0.343
0.343
0.338
0.337
0.334
0.333
0.327
0.33
0.343
0.347
0.35
0.354
0.356
0.35
0.343
0.342
0.349
0.356
0.353
0.354
0.355
0.356
0.354
0.355
0.356
0.353
0.354
0.354
0.358
0.362
0.359
0.359
0.361
0.353
0.354
0.358
0.355
0.35
0.351
0.361
0.369
0.371
0.367
0.369
0.368
0.364
0.367
0.368
0.367
0.377
0.381
0.37
0.366
0.372
0.38
0.377
0.376
0.374
0.369
0.378
0.383
0.378
0.378
0.38
0.383
0.385
0.383
0.385
0.391
0.386
0.381
0.386
0.39
0.392
0.394
0.394
0.394
0.394
0.394
0.396
0.396
0.397
0.398
0.4
0.399
0.397
0.403
0.407
0.404
0.404
0.406
0.408
0.412
0.41
0.406
0.411
0.415
0.414
0.413
0.417
0.421
0.423
0.423
0.423
0.421
0.425
0.428
0.436
0.439
0.439
0.443
0.442
0.441
0.442
0.439
0.435
0.433
0.444
0.46
0.459
0.453
0.453
0.458
0.46
0.463
0.469
0.471
0.471
0.473
0.479
0.475
0.476
0.483
0.485
0.485
0.486
0.489
0.488
0.493
0.499
0.504
0.507
0.503
0.512
0.517
0.516
0.515
0.521
0.526
0.53
0.537
0.54
0.541
0.542
0.549
0.549
0.553
0.561
0.564
0.569
0.573
0.577
0.578
0.58
0.583
0.587
0.59
0.592
0.593
0.603
0.61
0.607
0.61
0.615
0.618
0.624
0.627
0.632
0.633
0.635
0.64
0.639
0.637
0.643
0.646
0.649
0.653
0.662
0.667
0.662
0.661
0.666
0.666
0.665
0.667
0.669
0.673
0.675
0.673
0.674
0.675
0.678
0.679
0.674
0.678
0.687
0.686
0.679
0.674
0.668
0.667
0.676
0.678
0.673
0.667
0.661
0.662
0.66
0.649
0.646
0.646
0.647
0.644
0.638
0.633
0.621
0.616
0.61
0.602
0.605
0.603
0.593
0.579
0.571
0.564
0.557
0.554
0.545
0.54
0.531
0.524
0.517
0.509
0.505
0.5
0.493
0.476
0.466
0.471
0.469
0.464
0.46
0.45
0.444
0.442
0.433
0.429
0.431
0.426
0.416
0.405
0.398
0.399
0.396
0.391
0.391
0.39
0.388
0.386
0.383
0.381
0.376
0.372
0.368
0.364
0.366
0.367
0.362
0.361
0.359
0.352
0.35
0.347
0.349
0.352
0.35
0.349
0.346
0.341
0.346
0.349
0.345
0.347
0.345
0.34
0.339
0.344
0.343
0.345
0.345
0.337
0.338
0.337
0.335
0.339
0.343
0.344
0.34
0.337
0.333
0.324
0.327
0.339
0.342
0.338
0.339
0.337
0.338
0.335
0.328
0.335
0.34
0.34
0.341
0.341
0.342
0.341
0.339
0.338
0.335
0.331
0.333
0.343
0.339
0.336
0.334
0.326
0.33
0.334
0.341
0.342
0.338
0.341
0.341
0.344
0.346
0.344
0.341
0.339
0.337
0.338
0.339
0.336
0.335
0.336
0.336
0.336
0.337
0.341
0.341
0.341
0.34
0.337
0.335
0.333
0.333
0.333
0.33
0.333
0.337
0.335
0.336
0.336
0.338
0.337
0.331
0.33
0.334
0.336
0.336
0.333
0.333
0.336
0.338
0.339
0.339
0.336
0.336
0.337
0.338
0.332
0.331
0.341
0.341
0.339
0.341
0.342
0.342
0.341
0.34
0.338
0.337
0.333
0.335
0.343
0.344
0.344
0.34
0.341
0.342
0.339
0.339
0.342
0.339
0.337
0.337
0.329
0.334
0.335
0.335
0.342
0.339
0.341
0.34
0.34
0.336
0.334
0.339
0.34
0.34
0.338
0.338
0.329
0.326
0.34
0.346
0.343
0.338
0.339
0.339
0.333
0.335
0.34
0.333
0.336
0.341
0.342
0.344
0.342
0.338
0.335
0.338
0.341
0.336
0.334
0.335
0.333
0.334
0.337
0.336
0.333
0.335
0.337
0.336
0.336
0.336
0.337
0.336
0.334
0.332
0.33
0.33
0.329
0.333
0.333
0.326
0.326
0.328
0.331
0.332
0.335
0.337
0.335
0.335
0.331
0.332
0.331
0.328
0.324
0.331
0.335
0.328
0.324
0.323
0.329
0.332
0.329
0.33
0.332
0.329
0.328
0.327
0.32
0.318
0.326
0.331
0.327
0.327
0.33
0.329
0.328
0.329
0.329
0.328
0.33
0.328
0.324
0.321
0.32
0.32
0.323
0.324
0.327
0.33
0.329
0.329
0.33
0.326
0.326
0.324
0.322
0.329
0.33
0.328
0.331
0.329
0.33
0.326
0.323
0.326
0.322
0.318
0.317
0.326
0.331
0.322
0.32
0.324
0.331
0.328
0.326
0.329
0.321
0.32
0.322
0.327
0.329
0.323
0.326
0.33
0.326
0.325
0.324
0.324
0.325
0.326
0.326
0.322
0.323
0.324
0.325
0.325
0.32
0.319
0.32
0.321
0.322
0.323
0.323
0.324
0.324
0.323
0.319
0.319
0.318
0.318
0.322
0.317
0.316
0.326
0.327
0.32
0.319
0.324
0.322
0.32
0.318
0.318
0.321
0.32
0.316
0.314
0.325
0.328
0.324
0.324
0.324
0.325
0.324
0.324
0.322
0.319
0.319
0.317
0.323
0.33
0.328
0.326
0.324
0.322
0.322
0.323
0.323
0.322
0.319
0.31
0.31
0.319
0.323
0.322
0.319
0.318
0.322
0.324
0.324
0.328
0.326
0.322
0.32
0.32
0.32
0.317
0.317
0.323
0.322
0.319
0.32
0.319
0.32
0.323
0.322
0.312
0.31
0.316
0.324
0.327
0.32
0.311
0.313
0.32
0.32
0.318
0.319
0.321
0.318
0.314
0.316
0.319
0.317
0.322
0.323
0.326
0.321
0.314
0.316
0.321
0.325
0.322
0.321
0.318
0.316
0.319
0.32
0.318
0.319
0.32
0.319
0.32
0.319
0.319
0.322
0.32
0.32
0.32
0.317
0.319
0.32
0.32
0.322
0.322
0.323
0.32
0.318
0.318
0.319
0.32
0.318
0.317
0.314
0.312
0.321
0.323
0.323
0.323
0.327
0.332
0.329
0.331
0.331
0.331
0.331
0.328
0.332
0.333
0.335
0.337
0.335
0.342
0.347
0.347
0.346
0.352
0.355
0.356
0.357
0.358
0.361
0.36
0.358
0.359
0.364
0.364
0.361
0.36
0.36
0.356
0.351
0.353
0.357
0.357
0.358
0.361
0.363
0.361
0.366
0.374
0.377
0.381
0.382
0.386
0.386
0.386
0.382
0.379
0.392
0.396
0.394
0.393
0.388
0.387
0.391
0.394
0.393
0.386
0.379
0.374
0.366
0.365
0.377
0.372
0.367
0.373
0.372
0.376
0.38
0.38
0.374
0.37
0.375
0.381
0.381
0.376
0.373
0.367
0.364
0.364
0.365
0.365
0.35
0.338
0.335
0.337
0.333
0.327
0.324
0.322
0.317
0.311
0.309
0.308
0.309
0.301
0.299
0.303
0.299
0.302
0.304
0.302
0.297
0.3
0.302
0.294
0.296
0.303
0.306
0.305
0.302
0.296
0.294
0.295
0.29
0.289
0.295
0.3
0.298
0.297
0.293
0.289
0.288
0.289
0.292
0.293
0.297
0.295
0.292
0.296
0.293
0.292
0.286
0.284
0.289
0.29
0.292
0.293
0.291
0.288
0.291
0.292
0.288
0.287
0.29
0.292
0.287
0.287
0.287
0.286
0.288
0.288
0.286
0.286
0.289
0.286
0.282
0.282
0.287
0.284
0.279
0.273
0.269
0.265
0.264
0.269
0.262
0.259
0.255
0.251
0.254
0.251
0.248
0.249
0.248
0.242
0.248
0.257
0.262
0.271
0.278
0.302
0.329
0.352
0.384
0.414
0.452
0.492
0.528
0.567
0.611
0.654
0.686
0.717
0.757
0.799
0.84
0.882
0.919
0.939
0.959
0.974
0.977
0.984
0.98
0.968
0.965
0.965
0.966
0.963
0.956
0.948
0.926
0.884
0.829
0.769
0.707
0.635
0.564
0.507
0.448
0.376
0.318
0.276
0.228
0.194
0.174
0.146
0.123
0.119
0.126
0.128
0.132
0.133
0.141
0.152
0.158
0.172
0.183
0.199
0.209
0.211
0.231
0.248
0.258
0.272
0.28
0.283
0.29
0.299
0.302
0.304
0.305
0.306
0.31
0.31
0.319
0.323
0.322
0.321
0.319
0.319
0.316
0.317
0.321
0.323
0.322
0.32
0.321
0.327
0.328
0.327
0.332
0.335
0.337
0.337
0.335
0.333
0.333
0.336
0.337
0.336
0.332
0.332
0.334
0.331
0.324
0.329
0.35
0.355
0.352
0.351
0.348
0.344
0.344
0.345
0.349
0.355
0.352
0.35
0.352
0.354
0.355
0.351
0.349
0.351
0.354
0.359
0.361
0.36
0.357
0.353
0.358
0.359
0.359
0.361
0.356
0.356
0.367
0.37
0.371
0.367
0.365
0.369
0.368
0.367
0.369
0.372
0.371
0.368
0.369
0.377
0.376
0.371
0.37
0.373
0.379
0.376
0.376
0.379
0.379
0.383
0.388
0.388
0.385
0.382
0.388
0.392
0.386
0.386
0.387
0.388
0.385
0.38
0.387
0.399
0.4
0.392
0.391
0.398
0.401
0.399
0.396
0.394
0.398
0.401
0.403
0.403
0.406
0.41
0.41
0.41
0.409
0.41
0.412
0.411
0.415
0.415
0.411
0.409
0.413
0.418
0.419
0.424
0.427
0.427
0.431
0.436
0.434
0.431
0.435
0.442
0.441
0.441
0.447
0.446
0.446
0.444
0.445
0.449
0.455
0.461
0.46
0.462
0.46
0.458
0.462
0.467
0.468
0.471
0.473
0.477
0.483
0.484
0.481
0.477
0.478
0.482
0.488
0.495
0.499
0.498
0.495
0.499
0.507
0.514
0.518
0.523
0.529
0.528
0.529
0.532
0.535
0.538
0.54
0.542
0.546
0.555
0.559
0.559
0.565
0.568
0.571
0.573
0.576
0.582
0.578
0.575
0.586
0.597
0.6
0.595
0.599
0.612
0.615
0.616
0.616
0.618
0.619
0.618
0.627
0.632
0.637
0.648
0.654
0.655
0.659
0.66
0.657
0.661
0.663
0.66
0.663
0.665
0.666
0.67
0.672
0.666
0.673
0.685
0.686
0.688
0.684
0.687
0.691
0.683
0.68
0.685
0.69
0.688
0.688
0.685
0.688
0.69
0.685
0.685
0.684
0.68
0.676
0.678
0.668
0.662
0.658
0.647
0.649
0.651
0.646
0.638
0.631
0.63
0.625
0.616
0.608
0.599
0.59
0.584
0.578
0.571
0.566
0.554
0.547
0.54
0.534
0.532
0.526
0.518
0.509
0.503
0.497
0.489
0.482
0.475
0.462
0.452
0.456
0.456
0.451
0.447
0.439
0.43
0.426
0.422
0.414
0.409
0.405
0.397
0.39
0.387
0.389
0.389
0.386
0.38
0.377
0.38
0.375
0.371
0.371
0.366
0.362
0.361
0.36
0.361
0.358
0.359
0.356
0.357
0.356
0.348
0.352
0.349
0.35
0.35
0.343
0.344
0.34
0.334
0.339
0.339
0.339
0.344
0.339
0.336
0.337
0.341
0.34
0.335
0.337
0.334
0.334
0.332
0.33
0.335
0.337
0.337
0.335
0.336
0.342
0.338
0.336
0.339
0.339
0.342
0.343
0.341
0.339
0.336
0.336
0.333
0.332
0.332
0.326
0.327
0.336
0.334
0.324
0.323
0.33
0.332
0.329
0.331
0.334
0.334
0.334
0.333
0.331
0.328
0.33
0.331
0.325
0.327
0.331
0.332
0.335
0.336
0.331
0.329
0.327
0.325
0.334
0.332
0.33
0.336
0.334
0.334
0.33
0.326
0.328
0.329
0.33
0.33
0.332
0.332
0.328
0.33
0.334
0.336
0.332
0.327
0.33
0.332
0.334
0.331
0.33
0.335
0.332
0.329
0.333
0.334
0.334
0.332
0.329
0.331
0.332
0.332
0.329
0.327
0.333
0.341
0.339
0.333
0.332
0.332
0.332
0.331
0.33
0.33
0.332
0.334
0.337
0.339
0.339
0.338
0.34
0.341
0.336
0.332
0.33
0.332
0.336
0.34
0.335
0.334
0.339
0.34
0.336
0.331
0.336
0.338
0.334
0.335
0.341
0.343
0.337
0.336
0.337
0.338
0.34
0.336
0.334
0.334
0.333
0.334
0.338
0.34
0.338
0.338
0.335
0.337
0.343
0.34
0.336
0.336
0.336
0.335
0.334
0.324
0.324
0.333
0.333
0.339
0.341
0.337
0.336
0.334
0.33
0.328
0.328
0.328
0.329
0.323
0.32
0.332
0.34
0.339
0.333
0.332
0.334
0.329
0.33
0.333
0.333
0.333
0.332
0.33
0.33
0.333
0.332
0.328
0.324
0.327
0.334
0.335
0.329
0.327
0.33
0.329
0.326
0.327
0.33
0.33
0.327
0.329
0.329
0.329
0.326
0.326
0.33
0.329
0.324
0.325
0.326
0.325
0.319
0.325
0.331
0.317
0.322
0.332
0.33
0.328
0.326
0.324
0.32
0.32
0.325
0.331
0.331
0.327
0.327
0.325
0.324
0.327
0.323
0.323
0.322
0.319
0.317
0.317
0.322
0.328
0.328
0.322
0.319
0.321
0.325
0.328
0.327
0.325
0.317
0.315
0.319
0.319
0.319
0.318
0.32
0.321
0.32
0.321
0.318
0.316
0.32
0.321
0.319
0.319
0.317
0.319
0.322
0.321
0.32
0.323
0.322
0.318
0.316
0.321
0.326
0.315
0.307
0.316
0.322
0.319
0.319
0.321
0.32
0.318
0.318
0.316
0.314
0.319
0.322
0.322
0.32
0.322
0.324
0.321
0.319
0.318
0.317
0.313
0.311
0.317
0.315
0.307
0.309
0.322
0.328
0.322
0.318
0.317
0.316
0.318
0.313
0.311
0.319
0.316
0.311
0.311
0.318
0.322
0.32
0.322
0.323
0.323
0.322
0.317
0.319
0.318
0.315
0.315
0.311
0.306
0.306
0.315
0.321
0.317
0.315
0.314
0.32
0.322
0.316
0.321
0.32
0.316
0.317
0.316
0.316
0.315
0.317
0.318
0.32
0.319
0.319
0.316
0.314
0.317
0.314
0.312
0.31
0.309
0.312
0.31
0.304
0.305
0.313
0.317
0.317
0.315
0.309
0.315
0.32
0.313
0.315
0.313
0.311
0.312
0.313
0.316
0.317
0.317
0.318
0.316
0.314
0.313
0.314
0.312
0.314
0.316
0.314
0.313
0.308
0.31
0.31
0.311
0.313
0.313
0.315
0.315
0.313
0.311
0.311
0.306
0.3
0.302
0.317
0.317
0.307
0.311
0.312
0.309
0.307
0.309
0.312
0.312
0.307
0.307
0.314
0.316
0.313
0.311
0.308
0.307
0.308
0.301
0.3
0.309
0.315
0.313
0.313
0.313
0.313
0.315
0.313
0.316
0.313
0.312
0.318
0.312
0.307
0.31
0.317
0.32
0.319
0.32
0.321
0.324
0.326
0.325
0.325
0.322
0.32
0.321
0.325
0.332
0.339
0.338
0.335
0.337
0.339
0.342
0.345
0.346
0.347
0.348
0.349
0.351
0.35
0.349
0.348
0.344
0.344
0.343
0.346
0.353
0.351
0.347
0.346
0.351
0.361
0.361
0.359
0.362
0.363
0.364
0.372
0.379
0.377
0.373
0.376
0.373
0.37
0.378
0.384
0.385
0.381
0.383
0.388
0.386
0.382
0.373
0.362
0.356
0.358
0.357
0.353
0.356
0.358
0.358
0.364
0.365
0.366
0.371
0.368
0.364
0.364
0.365
0.367
0.366
0.364
0.363
0.361
0.357
0.351
0.347
0.343
0.337
0.33
0.324
0.32
0.319
0.315
0.307
0.293
0.289
0.294
0.293
0.292
0.289
0.285
0.281
0.284
0.289
0.29
0.286
0.282
0.283
0.29
0.294
0.289
0.291
0.293
0.291
0.285
0.279
0.279
0.285
0.29
0.287
0.287
0.286
0.286
0.283
0.282
0.28
0.273
0.281
0.284
0.282
0.287
0.289
0.287
0.283
0.281
0.275
0.275
0.281
0.284
0.282
0.277
0.274
0.275
0.274
0.276
0.28
0.28
0.279
0.277
0.282
0.276
0.271
0.279
0.277
0.277
0.274
0.269
0.276
0.28
0.278
0.277
0.272
0.273
0.276
0.276
0.276
0.267
0.264
0.265
0.263
0.264
0.259
0.257
0.248
0.244
0.251
0.244
0.241
0.24
0.238
0.239
0.243
0.248
0.246
0.252
0.275
0.296
0.315
0.345
0.377
0.411
0.454
0.489
0.528
0.566
0.603
0.648
0.686
0.726
0.766
0.804
0.846
0.884
0.911
0.929
0.948
0.959
0.971
0.979
0.975
0.963
0.952
0.952
0.951
0.949
0.945
0.931
0.903
0.859
0.803
0.743
0.672
0.6
0.533
0.48
0.417
0.347
0.301
0.256
0.21
0.181
0.159
0.133
0.112
0.11
0.117
0.117
0.119
0.123
0.126
0.136
0.152
0.163
0.177
0.189
0.195
0.209
0.221
0.239
0.258
0.262
0.262
0.265
0.276
