0.299
0.294
0.295
0.295
0.299
0.301
0.305
0.306
0.303
0.309
0.311
0.306
0.311
0.31
0.303
0.305
0.303
0.301
0.309
0.311
0.306
0.317
0.32
0.315
0.313
0.315
0.319
0.32
0.323
0.321
0.321
0.323
0.324
0.325
0.325
0.323
0.325
0.329
0.326
0.328
0.329
0.325
0.326
0.327
0.329
0.331
0.332
0.337
0.336
0.332
0.334
0.339
0.336
0.338
0.34
0.336
0.335
0.333
0.334
0.337
0.338
0.339
0.342
0.343
0.344
0.343
0.342
0.344
0.341
0.343
0.344
0.346
0.353
0.352
0.349
0.35
0.35
0.349
0.351
0.354
0.354
0.358
0.36
0.36
0.355
0.349
0.355
0.359
0.356
0.36
0.364
0.362
0.36
0.364
0.363
0.36
0.363
0.368
0.369
0.37
0.368
0.37
0.372
0.368
0.369
0.376
0.376
0.378
0.386
0.387
0.383
0.389
0.396
0.395
0.393
0.39
0.388
0.392
0.4
0.402
0.397
0.394
0.398
0.399
0.403
0.408
0.406
0.411
0.416
0.413
0.416
0.418
0.417
0.419
0.416
0.415
0.422
0.424
0.427
0.432
0.435
0.437
0.44
0.436
0.428
0.432
0.442
0.452
0.451
0.447
0.454
0.458
0.461
0.461
0.463
0.466
0.468
0.472
0.476
0.48
0.48
0.49
0.495
0.492
0.496
0.499
0.502
0.503
0.498
0.498
0.506
0.513
0.517
0.52
0.528
0.529
0.533
0.536
0.538
0.545
0.542
0.544
0.548
0.553
0.564
0.567
0.567
0.565
0.57
0.579
0.585
0.589
0.592
0.59
0.59
0.6
0.603
0.605
0.609
0.613
0.612
0.612
0.621
0.623
0.625
0.63
0.627
0.631
0.633
0.633
0.637
0.643
0.647
0.646
0.643
0.644
0.652
0.655
0.652
0.651
0.653
0.654
0.653
0.648
0.648
0.654
0.652
0.646
0.645
0.644
0.642
0.643
0.636
0.634
0.638
0.634
0.633
0.63
0.621
0.617
0.612
0.603
0.599
0.593
0.586
0.58
0.572
0.573
0.569
0.555
0.544
0.54
0.541
0.534
0.523
0.519
0.508
0.497
0.491
0.484
0.476
0.466
0.455
0.448
0.45
0.452
0.444
0.44
0.432
0.419
0.413
0.414
0.406
0.397
0.398
0.397
0.394
0.39
0.389
0.388
0.382
0.378
0.373
0.367
0.362
0.359
0.354
0.348
0.355
0.354
0.351
0.347
0.341
0.343
0.334
0.329
0.331
0.332
0.336
0.335
0.329
0.329
0.327
0.325
0.324
0.323
0.323
0.323
0.327
0.324
0.318
0.315
0.315
0.323
0.32
0.316
0.323
0.325
0.318
0.316
0.317
0.319
0.322
0.318
0.311
0.31
0.306
0.309
0.317
0.311
0.304
0.297
0.305
0.311
0.307
0.311
0.31
0.312
0.311
0.307
0.307
0.311
0.309
0.305
0.306
0.308
0.313
0.313
0.31
0.31
0.309
0.308
0.31
0.31
0.313
0.31
0.308
0.311
0.315
0.313
0.307
0.307
0.309
0.307
0.307
0.308
0.301
0.302
0.305
0.31
0.311
0.304
0.306
0.313
0.311
0.301
0.302
0.307
0.31
0.309
0.31
0.314
0.309
0.311
0.31
0.309
0.31
0.308
0.31
0.313
0.311
0.315
0.318
0.313
0.311
0.315
0.317
0.314
0.317
0.317
0.314
0.317
0.314
0.315
0.311
0.311
0.315
0.31
0.314
0.318
0.319
0.322
0.325
0.324
0.323
0.321
0.317
0.317
0.315
0.313
0.313
0.316
0.317
0.318
0.316
0.309
0.317
0.319
0.316
0.32
0.32
0.32
0.32
0.316
0.314
0.319
0.318
0.313
0.317
0.319
0.316
0.321
0.326
0.321
0.321
0.321
0.318
0.313
0.309
0.311
0.313
0.317
0.317
0.315
0.316
0.318
0.316
0.315
0.316
0.312
0.315
0.311
0.314
0.322
0.321
0.315
0.307
0.318
0.326
0.321
0.316
0.315
0.31
0.303
0.303
0.308
0.317
0.32
0.318
0.309
0.306
0.316
0.321
0.316
0.312
0.313
0.314
0.315
0.311
0.312
0.316
0.314
0.312
0.313
0.313
0.313
0.31
0.307
0.307
0.31
0.315
0.31
0.309
0.315
0.317
0.314
0.308
0.309
0.309
0.309
0.31
0.307
0.308
0.309
0.306
0.302
0.303
0.308
0.31
0.308
0.304
0.308
0.31
0.307
0.306
0.303
0.305
0.306
0.305
0.307
0.307
0.306
0.302
0.303
0.307
0.304
0.303
0.306
0.305
0.297
0.294
0.307
0.311
0.299
0.299
0.304
0.304
0.304
0.302
0.302
0.3
0.295
0.296
0.298
0.3
0.3
0.299
0.299
0.301
0.304
0.305
0.304
0.305
0.303
0.297
0.299
0.301
0.301
0.303
0.304
0.299
0.294
0.292
0.293
0.296
0.296
0.295
0.294
0.291
0.288
0.287
0.296
0.31
0.311
0.306
0.304
0.305
0.302
0.302
0.308
0.305
0.303
0.301
0.295
0.291
0.302
0.309
0.301
0.295
0.296
0.297
0.297
0.295
0.297
0.3
0.298
0.298
0.296
0.296
0.299
0.299
0.296
0.297
0.301
0.299
0.294
0.295
0.298
0.298
0.297
0.296
0.294
0.296
0.298
0.3
0.3
0.296
0.298
0.298
0.299
0.293
0.285
0.295
0.3
0.296
0.294
0.289
0.292
0.296
0.299
0.295
0.292
0.29
0.288
0.289
0.295
0.301
0.299
0.298
0.299
0.298
0.298
0.3
0.304
0.306
0.308
0.309
0.305
0.309
0.32
0.321
0.323
0.318
0.315
0.317
0.319
0.326
0.326
0.33
0.332
0.332
0.333
0.336
0.336
0.334
0.334
0.332
0.332
0.333
0.331
0.33
0.333
0.335
0.338
0.339
0.341
0.345
0.352
0.358
0.357
0.358
0.358
0.359
0.362
0.359
0.362
0.363
0.363
0.365
0.366
0.364
0.361
0.361
0.368
0.372
0.369
0.368
0.36
0.353
0.351
0.345
0.345
0.349
0.35
0.351
0.351
0.35
0.347
0.347
0.351
0.358
0.359
0.354
0.353
0.355
0.349
0.341
0.343
0.345
0.339
0.339
0.345
0.345
0.341
0.334
0.322
0.311
0.309
0.306
0.3
0.297
0.293
0.283
0.281
0.282
0.278
0.275
0.274
0.273
0.276
0.282
0.281
0.277
0.275
0.276
0.277
0.278
0.273
0.274
0.279
0.274
0.273
0.277
0.279
0.272
0.27
0.27
0.267
0.271
0.273
0.27
0.267
0.269
0.267
0.265
0.265
0.27
0.271
0.263
0.265
0.267
0.263
0.265
0.265
0.265
0.267
0.26
0.261
0.264
0.267
0.274
0.267
0.265
0.268
0.266
0.269
0.267
0.262
0.263
0.264
0.261
0.261
0.262
0.26
0.255
0.253
0.257
0.257
0.251
0.245
0.239
0.239
0.251
0.254
0.248
0.24
0.231
0.227
0.229
0.225
0.222
0.223
0.22
0.219
0.219
0.224
0.236
0.246
0.257
0.273
0.289
0.317
0.349
0.377
0.419
0.462
0.496
0.534
0.576
0.618
0.649
0.684
0.73
0.768
0.81
0.852
0.878
0.897
0.921
0.932
0.938
0.941
0.932
0.925
0.929
0.93
0.924
0.922
0.913
0.904
0.887
0.847
0.795
0.735
0.676
0.609
0.533
0.474
0.409
0.339
0.288
0.244
0.203
0.172
0.153
0.128
0.1
0.096
0.1
0.101
0.102
0.109
0.122
0.13
0.14
0.151
0.166
0.181
0.191
0.199
0.212
0.222
0.238
0.251
0.252
0.259
0.269
0.269
0.274
0.292
0.297
0.292
0.291
0.29
0.291
0.29
0.295
0.294
0.289
0.292
0.294
0.297
0.301
0.3
0.296
0.295
0.303
0.301
0.302
0.3
0.298
0.303
0.304
0.309
0.311
0.309
0.309
0.31
0.315
0.32
0.32
0.316
0.313
0.318
0.321
0.317
0.319
0.321
0.322
0.327
0.325
0.322
0.322
0.327
0.327
0.32
0.318
0.321
0.324
0.328
0.327
0.327
0.329
0.329
0.329
0.328
0.329
0.332
0.333
0.332
0.333
0.336
0.339
0.341
0.338
0.337
0.341
0.345
0.347
0.345
0.343
0.345
0.348
0.352
0.348
0.343
0.343
0.345
0.35
0.351
0.347
0.345
0.349
0.353
0.353
0.352
0.354
0.356
0.355
0.357
0.362
0.361
0.36
0.367
0.365
0.354
0.36
0.366
0.361
0.366
0.37
0.369
0.363
0.359
0.371
0.381
0.381
0.371
0.365
0.372
0.384
0.387
0.381
0.38
0.383
0.384
0.386
0.391
0.394
0.391
0.394
0.397
0.397
0.398
0.397
0.402
0.401
0.401
0.401
0.398
0.403
0.401
0.405
0.412
0.409
0.413
0.416
0.417
0.419
0.413
0.414
0.419
0.417
0.426
0.43
0.428
0.428
0.431
0.435
0.436
0.44
0.438
0.438
0.442
0.44
0.448
0.454
0.455
0.463
0.463
0.462
0.463
0.461
0.464
0.461
0.469
0.477
0.475
0.478
0.48
0.483
0.489
0.492
0.493
0.496
0.499
0.501
0.506
0.51
0.513
0.516
0.521
0.53
0.531
0.528
0.531
0.537
0.544
0.546
0.549
0.553
0.556
0.561
0.568
0.571
0.57
0.578
0.581
0.582
0.589
0.59
0.591
0.594
0.597
0.604
0.612
0.613
0.611
0.611
0.615
0.625
0.631
0.632
0.636
0.639
0.64
0.644
0.648
0.65
0.654
0.658
0.657
0.657
0.658
0.658
0.659
0.663
0.668
0.667
0.664
0.663
0.664
0.671
0.669
0.667
0.663
0.658
0.664
0.668
0.671
0.671
0.664
0.66
0.658
0.657
0.656
0.651
0.649
0.648
0.646
0.644
0.642
0.633
0.628
0.622
0.613
0.607
0.6
0.595
0.592
0.585
0.572
0.566
0.56
0.557
0.551
0.536
0.531
0.526
0.508
0.501
0.504
0.499
0.493
0.491
0.482
0.472
0.463
0.455
0.453
0.451
0.445
0.44
0.434
0.424
0.419
0.419
0.413
0.407
0.405
0.401
0.392
0.39
0.388
0.381
0.382
0.376
0.37
0.369
0.366
0.367
0.364
0.356
0.355
0.363
0.369
0.367
0.361
0.356
0.349
0.345
0.344
0.347
0.348
0.346
0.345
0.343
0.343
0.343
0.342
0.338
0.333
0.335
0.336
0.337
0.338
0.333
0.334
0.332
0.333
0.336
0.335
0.336
0.334
0.335
0.335
0.333
0.331
0.329
0.33
0.331
0.335
0.335
0.332
0.33
0.329
0.332
0.33
0.333
0.328
0.324
0.326
0.328
0.324
0.314
0.326
0.341
0.341
0.333
0.33
0.33
0.331
0.328
0.327
0.333
0.333
0.327
0.327
0.324
0.32
0.324
0.324
0.324
0.326
0.33
0.332
0.329
0.326
0.327
0.33
0.329
0.327
0.328
0.328
0.326
0.33
0.333
0.331
0.33
0.331
0.333
0.331
0.328
0.327
0.33
0.332
0.329
0.33
0.331
0.329
0.33
0.327
0.322
0.319
0.324
0.333
0.328
0.327
0.334
0.332
0.328
0.327
0.33
0.333
0.334
0.336
0.329
0.328
0.336
0.336
0.332
0.334
0.333
0.329
0.331
0.332
0.331
0.33
0.325
0.322
0.328
0.329
0.33
0.329
0.323
0.325
0.333
0.334
0.326
0.32
0.32
0.329
0.337
0.338
0.336
0.332
0.328
0.327
0.327
0.331
0.332
0.329
0.33
0.333
0.33
0.329
0.331
0.335
0.334
0.334
0.336
0.333
0.336
0.339
0.339
0.334
0.332
0.332
0.327
0.327
0.328
0.328
0.322
0.323
0.331
0.325
0.334
0.339
0.33
0.329
0.326
0.329
0.332
0.333
0.331
0.328
0.332
0.334
0.328
0.32
0.326
0.337
0.334
0.329
0.326
0.329
0.33
0.328
0.324
0.318
0.326
0.33
0.324
0.324
0.322
0.32
0.32
0.322
0.32
0.318
0.319
0.321
0.323
0.321
0.325
0.331
0.327
0.331
0.333
0.329
0.318
0.302
0.309
0.326
0.335
0.329
0.319
0.322
0.325
0.327
0.327
0.327
0.326
0.326
0.325
0.324
0.322
0.32
0.322
0.32
0.322
0.327
0.326
0.325
0.321
0.314
0.316
0.321
0.318
0.317
0.322
0.323
0.322
0.323
0.322
0.324
0.326
0.32
0.319
0.32
0.317
0.321
0.325
0.326
0.32
0.313
0.315
0.317
0.317
0.317
0.315
0.308
0.313
0.32
0.321
0.32
0.319
0.322
0.319
0.318
0.316
0.313
0.312
0.313
0.308
0.313
0.32
0.316
0.318
0.317
0.317
0.316
0.309
0.316
0.32
0.32
0.317
0.312
0.316
0.318
0.32
0.32
0.31
0.31
0.313
0.311
0.314
0.312
0.308
0.315
0.319
0.317
0.317
0.318
0.318
0.317
0.319
0.318
0.317
0.317
0.319
0.319
0.314
0.317
0.315
0.309
0.307
0.309
0.313
0.319
0.317
0.312
0.317
0.318
0.315
0.31
0.309
0.311
0.313
0.315
0.313
0.317
0.323
0.319
0.309
0.312
0.315
0.316
0.317
0.314
0.314
0.314
0.317
0.316
0.315
0.315
0.314
0.311
0.31
0.313
0.316
0.317
0.317
0.319
0.317
0.315
0.317
0.319
0.319
0.321
0.319
0.311
0.315
0.322
0.321
0.32
0.33
0.334
0.329
0.334
0.341
0.335
0.325
0.33
0.342
0.345
0.348
0.354
0.356
0.356
0.357
0.352
0.35
0.351
0.35
0.35
0.347
0.349
0.358
0.357
0.355
0.355
0.354
0.352
0.355
0.367
0.373
0.373
0.374
0.377
0.379
0.38
0.382
0.379
0.373
0.376
0.383
0.388
0.387
0.386
0.387
0.383
0.381
0.383
0.385
0.382
0.385
0.386
0.381
0.381
0.376
0.37
0.369
0.367
0.365
0.366
0.369
0.369
0.37
0.372
0.377
0.379
0.375
0.379
0.377
0.366
0.361
0.357
0.365
0.37
0.363
0.36
0.356
0.351
0.34
0.331
0.329
0.324
0.323
0.321
0.32
0.314
0.304
0.3
0.293
0.288
0.295
0.301
0.292
0.286
0.292
0.293
0.295
0.296
0.292
0.292
0.292
0.289
0.289
0.29
0.289
0.29
0.296
0.299
0.29
0.284
0.286
0.288
0.291
0.29
0.289
0.289
0.287
0.281
0.283
0.282
0.277
0.28
0.284
0.29
0.287
0.285
0.282
0.28
0.284
0.285
0.285
0.285
0.282
0.277
0.275
0.277
0.275
0.275
0.28
0.278
0.28
0.282
0.281
0.279
0.277
0.28
0.277
0.277
0.277
0.276
0.278
0.277
0.275
0.272
0.272
0.268
0.26
0.259
0.26
0.258
0.252
0.244
0.243
0.242
0.24
0.229
0.219
0.227
0.237
0.243
0.241
0.243
0.255
0.27
0.288
0.305
0.339
0.376
0.411
0.455
0.496
0.535
0.568
0.608
0.651
0.685
0.724
0.774
0.817
0.851
0.886
0.914
0.938
0.961
0.973
0.989
0.996
0.983
0.972
0.963
0.963
0.959
0.949
0.94
0.93
0.909
0.86
0.802
0.738
0.665
0.595
0.529
0.474
0.409
0.34
0.289
0.243
0.202
0.181
0.158
0.13
0.112
0.111
0.116
0.111
0.113
0.123
0.129
0.137
0.148
0.163
0.178
0.186
0.201
0.212
0.226
0.242
0.254
0.264
0.276
0.283
0.281
0.283
0.287
0.292
0.297
0.298
0.297
0.296
0.307
0.298
0.285
0.292
0.302
0.317
0.313
0.304
0.307
0.309
0.307
0.305
0.31
0.31
0.309
0.311
0.314
0.314
0.315
0.322
0.323
0.32
0.319
0.321
0.327
0.324
0.323
0.326
0.328
0.326
0.326
0.329
0.324
0.328
0.332
0.333
0.336
0.334
0.336
0.333
0.323
0.323
0.338
0.347
0.344
0.341
0.343
0.346
0.344
0.341
0.343
0.343
0.341
0.348
0.352
0.345
0.342
0.344
0.346
0.349
0.351
0.35
0.351
0.35
0.353
0.358
0.353
0.35
0.35
0.348
0.35
0.355
0.356
0.356
0.36
0.361
0.362
0.363
0.363
0.366
0.368
0.37
0.371
0.369
0.368
0.368
0.364
0.363
0.373
0.379
0.369
0.37
0.376
0.373
0.37
0.366
0.373
0.382
0.384
0.384
0.383
0.381
0.38
0.393
0.397
0.391
0.39
0.394
0.397
0.389
0.386
0.391
0.391
0.394
0.398
0.398
0.4
0.402
0.401
0.402
0.403
0.403
0.399
0.403
0.411
0.404
0.404
0.414
0.418
0.42
0.419
0.42
0.423
0.423
0.427
0.426
0.425
0.431
0.431
0.428
0.435
0.444
0.446
0.448
0.452
0.449
0.444
0.442
0.446
0.453
0.458
0.461
0.464
0.466
0.467
0.469
0.469
0.469
0.471
0.476
0.481
0.478
0.482
0.49
0.494
0.496
0.495
0.497
0.5
0.504
0.506
0.51
0.518
0.52
0.516
0.521
0.526
0.532
0.539
0.539
0.538
0.542
0.547
0.548
0.557
0.564
0.565
0.57
0.575
0.578
0.577
0.579
0.587
0.596
0.596
0.598
0.6
0.602
0.607
0.608
0.611
0.616
0.618
0.621
0.627
0.626
0.621
0.625
0.644
0.647
0.644
0.648
0.648
0.648
0.65
0.657
0.663
0.667
0.668
0.67
0.666
0.663
0.668
0.671
0.674
0.674
0.678
0.673
0.672
0.679
0.677
0.678
0.674
0.675
0.677
0.676
0.679
0.672
0.673
0.672
0.668
0.666
0.66
0.656
0.649
0.642
0.63
0.629
0.636
0.636
0.625
0.613
0.608
0.601
0.597
0.594
0.584
0.571
0.562
0.558
0.556
0.55
0.544
0.535
0.527
0.523
0.519
0.511
0.499
0.493
0.485
0.48
0.476
0.468
0.462
0.458
0.454
0.448
0.435
0.431
0.436
0.423
0.412
0.414
0.409
0.404
0.397
0.395
0.393
0.39
0.387
0.381
0.377
0.369
0.366
0.366
0.361
0.36
0.366
0.367
0.362
0.36
0.357
0.351
0.344
0.336
0.333
0.338
0.341
0.342
0.344
0.343
0.345
0.346
0.344
0.342
0.342
0.344
0.342
0.332
0.326
0.327
0.328
0.33
0.334
0.33
0.327
0.329
0.333
0.334
0.334
0.336
0.337
0.333
0.323
0.32
0.328
0.332
0.328
0.33
0.329
0.327
0.33
0.331
0.327
0.327
0.338
0.333
0.328
0.33
0.321
0.327
0.339
0.338
0.329
0.329
0.333
0.326
0.328
0.329
0.323
0.327
0.332
0.332
0.332
0.332
0.33
0.333
0.331
0.323
0.321
0.323
0.324
0.325
0.325
0.328
0.333
0.328
0.322
0.325
0.331
0.332
0.325
0.325
0.328
0.326
0.329
0.327
0.328
0.33
0.328
0.331
0.331
0.328
0.325
0.327
0.329
0.326
0.33
0.33
0.329
0.33
0.333
0.331
0.327
0.324
0.32
0.327
0.331
0.33
0.326
0.322
0.324
0.33
0.331
0.329
0.328
0.332
0.333
0.332
0.331
0.327
0.329
0.325
0.318
0.324
0.325
0.324
0.326
0.327
0.323
0.317
0.324
0.331
0.327
0.322
0.322
0.321
0.325
0.329
0.331
0.335
0.327
0.327
0.336
0.333
0.326
0.331
0.332
0.333
0.333
0.328
0.328
0.329
0.328
0.326
0.325
0.323
0.324
0.325
0.326
0.324
0.321
0.324
0.329
0.332
0.329
0.325
0.323
0.328
0.328
0.321
0.314
0.31
0.32
0.324
0.327
0.324
0.321
0.322
0.319
0.319
0.326
0.325
0.324
0.332
0.328
0.319
0.318
0.318
0.319
0.319
0.321
0.32
0.318
0.317
0.319
0.325
0.323
0.322
0.324
0.322
0.321
0.318
0.311
0.311
0.318
0.321
0.322
0.329
0.328
0.322
0.317
0.315
0.318
0.327
0.327
0.326
0.322
0.313
0.316
0.315
0.312
0.315
0.317
0.317
0.318
0.32
0.32
0.318
0.312
0.311
0.312
0.311
0.313
0.313
0.313
0.317
0.314
0.309
0.309
0.308
0.315
0.316
0.307
0.307
0.317
0.326
0.319
0.313
0.315
0.309
0.304
0.304
0.311
0.313
0.309
0.305
0.301
0.308
0.313
0.309
0.307
0.303
0.307
0.311
0.304
0.314
0.326
0.318
0.319
0.318
0.306
0.305
0.309
0.312
0.311
0.313
0.308
0.295
0.299
0.315
0.318
0.311
0.308
0.307
0.307
0.308
0.309
0.308
0.307
0.309
0.305
0.307
0.31
0.311
0.31
0.316
0.319
0.313
0.308
0.306
0.309
0.307
0.307
0.31
0.309
0.31
0.304
0.307
0.31
0.307
0.3
0.301
0.309
0.309
0.313
0.317
0.316
0.314
0.315
0.315
0.313
0.31
0.307
0.304
0.302
0.307
0.306
0.302
0.303
0.312
0.318
0.312
0.308
0.306
0.307
0.306
0.302
0.305
0.304
0.296
0.3
0.31
0.311
0.308
0.304
0.296
0.294
0.298
0.303
0.31
0.307
0.304
0.306
0.303
0.304
0.306
0.301
0.293
0.29
0.298
0.31
0.308
0.299
0.296
0.302
0.312
0.315
0.311
0.309
0.31
0.316
0.315
0.313
