0.285
0.294
0.302
0.301
0.297
0.297
0.304
0.309
0.306
0.31
0.313
0.309
0.307
0.307
0.312
0.316
0.315
0.313
0.311
0.311
0.318
0.321
0.317
0.313
0.32
0.325
0.319
0.314
0.316
0.326
0.33
0.323
0.323
0.322
0.321
0.325
0.329
0.336
0.335
0.332
0.332
0.332
0.334
0.335
0.334
0.334
0.338
0.339
0.342
0.341
0.333
0.338
0.343
0.339
0.341
0.344
0.344
0.346
0.344
0.344
0.348
0.347
0.348
0.35
0.347
0.35
0.353
0.356
0.359
0.357
0.359
0.356
0.353
0.354
0.352
0.355
0.36
0.361
0.359
0.361
0.365
0.36
0.353
0.365
0.372
0.371
0.37
0.372
0.374
0.366
0.351
0.346
0.368
0.38
0.375
0.376
0.377
0.38
0.381
0.378
0.38
0.378
0.374
0.371
0.373
0.384
0.384
0.385
0.386
0.388
0.389
0.389
0.392
0.39
0.392
0.395
0.392
0.391
0.391
0.391
0.392
0.401
0.406
0.408
0.41
0.408
0.407
0.408
0.408
0.406
0.406
0.406
0.405
0.413
0.417
0.416
0.419
0.418
0.416
0.418
0.419
0.417
0.417
0.417
0.421
0.425
0.427
0.431
0.436
0.441
0.444
0.445
0.444
0.451
0.455
0.452
0.451
0.45
0.447
0.454
0.463
0.462
0.465
0.468
0.47
0.473
0.469
0.473
0.488
0.49
0.484
0.486
0.488
0.49
0.497
0.5
0.5
0.505
0.503
0.506
0.512
0.521
0.524
0.521
0.523
0.525
0.527
0.537
0.541
0.545
0.547
0.542
0.55
0.559
0.568
0.569
0.568
0.575
0.576
0.582
0.587
0.587
0.593
0.598
0.602
0.605
0.607
0.611
0.613
0.61
0.608
0.62
0.628
0.63
0.635
0.639
0.641
0.644
0.644
0.643
0.648
0.647
0.65
0.652
0.652
0.656
0.659
0.664
0.665
0.666
0.67
0.671
0.673
0.677
0.674
0.669
0.674
0.677
0.677
0.675
0.68
0.678
0.669
0.672
0.676
0.674
0.665
0.655
0.657
0.665
0.666
0.66
0.658
0.654
0.65
0.645
0.64
0.631
0.62
0.622
0.62
0.612
0.611
0.605
0.593
0.586
0.578
0.571
0.568
0.56
0.549
0.534
0.526
0.53
0.524
0.517
0.513
0.506
0.496
0.487
0.48
0.471
0.464
0.46
0.451
0.442
0.445
0.436
0.423
0.429
0.427
0.42
0.417
0.411
0.406
0.405
0.403
0.399
0.394
0.391
0.386
0.38
0.378
0.372
0.364
0.355
0.354
0.357
0.359
0.359
0.351
0.351
0.35
0.345
0.353
0.351
0.345
0.344
0.339
0.341
0.343
0.339
0.334
0.334
0.328
0.33
0.338
0.337
0.332
0.331
0.334
0.331
0.329
0.327
0.324
0.328
0.329
0.333
0.332
0.328
0.326
0.321
0.324
0.327
0.327
0.325
0.325
0.323
0.321
0.324
0.322
0.319
0.325
0.327
0.327
0.329
0.321
0.32
0.33
0.332
0.331
0.327
0.321
0.327
0.328
0.323
0.324
0.327
0.324
0.324
0.327
0.325
0.327
0.32
0.317
0.325
0.336
0.336
0.333
0.335
0.331
0.316
0.312
0.326
0.331
0.33
0.328
0.325
0.324
0.324
0.326
0.324
0.323
0.319
0.319
0.324
0.33
0.329
0.326
0.331
0.327
0.326
0.327
0.327
0.328
0.324
0.321
0.319
0.317
0.314
0.318
0.321
0.325
0.327
0.324
0.33
0.331
0.328
0.323
0.317
0.321
0.324
0.324
0.321
0.325
0.329
0.328
0.326
0.32
0.322
0.321
0.319
0.323
0.322
0.331
0.337
0.332
0.328
0.326
0.327
0.327
0.327
0.333
0.337
0.33
0.328
0.33
0.325
0.317
0.316
0.323
0.331
0.335
0.333
0.338
0.336
0.322
0.32
0.324
0.328
0.33
0.324
0.326
0.33
0.327
0.331
0.328
0.323
0.327
0.325
0.319
0.319
0.326
0.331
0.331
0.33
0.326
0.326
0.323
0.323
0.325
0.328
0.324
0.318
0.323
0.324
0.326
0.328
0.331
0.329
0.319
0.32
0.321
0.322
0.323
0.325
0.326
0.322
0.321
0.324
0.321
0.316
0.314
0.313
0.32
0.323
0.323
0.322
0.317
0.318
0.318
0.313
0.315
0.322
0.322
0.321
0.32
0.322
0.327
0.318
0.305
0.315
0.327
0.324
0.317
0.31
0.316
0.32
0.316
0.317
0.322
0.323
0.318
0.315
0.319
0.318
0.32
0.32
0.314
0.313
0.313
0.315
0.308
0.305
0.32
0.325
0.325
0.321
0.32
0.318
0.315
0.316
0.315
0.321
0.319
0.313
0.317
0.318
0.314
0.316
0.316
0.317
0.319
0.315
0.308
0.308
0.316
0.317
0.312
0.314
0.316
0.314
0.32
0.321
0.312
0.311
0.313
0.314
0.316
0.313
0.311
0.312
0.313
0.311
0.308
0.306
0.309
0.31
0.309
0.305
0.304
0.315
0.32
0.314
0.306
0.309
0.311
0.311
0.313
0.314
0.312
0.309
0.31
0.31
0.31
0.312
0.311
0.305
0.302
0.314
0.315
0.309
0.3
0.297
0.305
0.305
0.305
0.305
0.305
0.306
0.304
0.299
0.299
0.305
0.311
0.302
0.297
0.305
0.301
0.307
0.314
0.307
0.302
0.302
0.301
0.307
0.314
0.311
0.307
0.308
0.309
0.307
0.305
0.306
0.31
0.304
0.298
0.304
0.303
0.3
0.304
0.306
0.306
0.308
0.31
0.308
0.303
0.303
0.307
0.309
0.305
0.296
0.301
0.309
0.306
0.306
0.304
0.303
0.304
0.303
0.298
0.298
0.304
0.301
0.301
0.305
0.304
0.303
0.303
0.303
0.3
0.301
0.298
0.3
0.3
0.302
0.308
0.302
0.299
0.302
0.302
0.298
0.301
0.306
0.308
0.308
0.298
0.293
0.3
0.303
0.303
0.3
0.296
0.3
0.305
0.298
0.291
0.291
0.298
0.306
0.303
0.299
0.295
0.298
0.304
0.306
0.305
0.298
0.298
0.296
0.293
0.301
0.306
0.301
0.295
0.295
0.3
0.309
0.308
0.302
0.293
0.289
0.303
0.309
0.307
0.305
0.305
0.307
0.314
0.31
0.304
0.308
0.303
0.303
0.301
0.297
0.298
0.302
0.303
0.295
0.295
0.299
0.294
0.297
0.304
0.299
0.296
0.3
0.302
0.297
0.295
0.303
0.302
0.304
0.303
0.3
0.302
0.296
0.294
0.289
0.295
0.303
0.296
0.295
0.302
0.307
0.301
0.296
0.292
0.289
0.295
0.3
0.298
0.293
0.294
0.3
0.305
0.305
0.305
0.304
0.303
0.301
0.299
0.305
0.299
0.293
0.3
0.307
0.315
0.317
0.313
0.311
0.314
0.31
0.305
0.307
0.315
0.318
0.319
0.323
0.326
0.326
0.329
0.329
0.333
0.339
0.34
0.34
0.334
0.333
0.339
0.338
0.334
0.331
0.334
0.338
0.334
0.329
0.33
0.335
0.339
0.345
0.341
0.333
0.338
0.338
0.335
0.336
0.342
0.347
0.35
0.357
0.364
0.364
0.364
0.364
0.362
0.355
0.36
0.377
0.372
0.363
0.365
0.357
0.347
0.342
0.342
0.345
0.346
0.346
0.344
0.341
0.34
0.344
0.344
0.343
0.345
0.346
0.343
0.34
0.343
0.343
0.34
0.342
0.337
0.329
0.324
0.316
0.313
0.316
0.309
0.301
0.3
0.297
0.296
0.29
0.288
0.285
0.283
0.29
0.293
0.286
0.28
0.28
0.276
0.273
0.275
0.283
0.28
0.276
0.277
0.276
0.275
0.271
0.275
0.278
0.282
0.285
0.28
0.282
0.281
0.278
0.28
0.28
0.278
0.274
0.275
0.273
0.271
0.274
0.275
0.277
0.273
0.269
0.267
0.267
0.271
0.272
0.272
0.276
0.272
0.266
0.269
0.275
0.275
0.275
0.277
0.275
0.273
0.267
0.265
0.267
0.262
0.263
0.266
0.262
0.263
0.267
0.269
0.27
0.262
0.26
0.264
0.261
0.259
0.262
0.263
0.261
0.257
0.253
0.249
0.248
0.247
0.246
0.245
0.237
0.236
0.235
0.227
0.226
0.227
0.236
0.243
0.24
0.245
0.252
0.259
0.281
0.31
0.336
0.356
0.386
0.424
0.46
0.497
0.525
0.562
0.605
0.639
0.682
0.721
0.759
0.788
0.816
0.842
0.856
0.877
0.882
0.896
0.913
0.908
0.891
0.88
0.893
0.902
0.897
0.889
0.88
0.852
0.805
0.759
0.696
0.625
0.565
0.501
0.444
0.387
0.326
0.27
0.228
0.196
0.168
0.143
0.119
0.101
0.1
0.107
0.108
0.105
0.104
0.114
0.126
0.139
0.15
0.164
0.179
0.191
0.197
0.206
0.224
0.234
0.248
0.264
0.267
0.273
0.278
0.278
0.28
0.277
0.281
0.291
0.292
0.291
0.291
0.295
0.295
0.291
0.285
0.278
0.285
0.303
0.305
0.303
0.309
0.303
0.302
0.306
0.304
0.307
0.307
0.31
0.31
0.309
0.313
0.315
0.313
0.309
0.309
0.313
0.311
0.314
0.317
0.313
0.312
0.318
0.322
0.319
0.317
0.318
0.32
0.321
0.32
0.319
0.322
0.326
0.33
0.332
0.329
0.326
0.322
0.327
0.335
0.335
0.334
0.327
0.322
0.33
0.344
0.343
0.337
0.332
0.332
0.335
0.334
0.333
0.333
0.337
0.338
0.338
0.338
0.335
0.339
0.342
0.34
0.342
0.341
0.343
0.346
0.349
0.349
0.347
0.349
0.346
0.345
0.347
0.345
0.351
0.355
0.358
0.358
0.356
0.357
0.353
0.357
0.362
0.366
0.362
0.354
0.349
0.352
0.363
0.358
0.364
0.37
0.362
0.369
0.38
0.373
0.369
0.363
0.368
0.383
0.378
0.376
0.38
0.384
0.388
0.384
0.385
0.388
0.39
0.393
0.391
0.391
0.388
0.393
0.397
0.396
0.398
0.397
0.404
0.403
0.398
0.397
0.406
0.413
0.411
0.411
0.41
0.407
0.405
0.41
0.418
0.42
0.421
0.424
0.423
0.425
0.428
0.43
0.434
0.433
0.432
0.435
0.436
0.435
0.438
0.441
0.443
0.447
0.449
0.453
0.459
0.459
0.463
0.465
0.467
0.466
0.464
0.47
0.469
0.471
0.486
0.488
0.491
0.498
0.498
0.507
0.513
0.511
0.512
0.519
0.523
0.525
0.529
0.529
0.528
0.531
0.53
0.54
0.55
0.543
0.543
0.55
0.559
0.564
0.563
0.567
0.569
0.57
0.575
0.581
0.584
0.588
0.592
0.591
0.595
0.603
0.601
0.606
0.613
0.611
0.61
0.612
0.618
0.615
0.616
0.625
0.63
0.634
0.635
0.632
0.636
0.64
0.642
0.642
0.644
0.644
0.643
0.647
0.647
0.648
0.644
0.641
0.645
0.645
0.647
0.652
0.652
0.647
0.644
0.645
0.64
0.633
0.637
0.634
0.632
0.634
0.629
0.625
0.618
0.61
0.606
0.602
0.595
0.59
0.585
0.579
0.573
0.564
0.555
0.549
0.548
0.545
0.537
0.529
0.518
0.513
0.504
0.491
0.488
0.488
0.484
0.481
0.473
0.462
0.456
0.455
0.448
0.44
0.434
0.428
0.421
0.417
0.412
0.408
0.403
0.392
0.385
0.379
0.378
0.381
0.376
0.373
0.368
0.358
0.358
0.359
0.357
0.353
0.348
0.345
0.353
0.351
0.337
0.332
0.336
0.342
0.338
0.334
0.332
0.333
0.333
0.333
0.333
0.327
0.326
0.326
0.323
0.32
0.32
0.322
0.317
0.307
0.304
0.316
0.326
0.318
0.315
0.315
0.318
0.318
0.305
0.309
0.317
0.311
0.307
0.307
0.305
0.31
0.311
0.311
0.313
0.313
0.313
0.315
0.314
0.313
0.315
0.315
0.314
0.307
0.31
0.317
0.318
0.314
0.31
0.307
0.308
0.307
0.304
0.307
0.303
0.303
0.307
0.309
0.31
0.31
0.312
0.31
0.309
0.305
0.305
0.306
0.303
0.305
0.304
0.305
0.304
0.305
0.31
0.306
0.305
0.313
0.315
0.314
0.312
0.308
0.307
0.309
0.311
0.309
0.306
0.309
0.314
0.315
0.313
0.312
0.315
0.312
0.309
0.311
0.307
0.303
0.308
0.315
0.315
0.31
0.303
0.308
0.316
0.31
0.304
0.311
0.324
0.316
0.302
0.302
0.305
0.305
0.313
0.318
0.315
0.32
0.317
0.313
0.314
0.313
0.315
0.315
0.311
0.312
0.312
0.314
0.315
0.316
0.314
0.312
0.316
0.317
0.315
0.315
0.317
0.316
0.315
0.319
0.318
0.313
0.315
0.317
0.318
0.315
0.313
0.308
0.306
0.316
0.317
0.317
0.319
0.314
0.311
0.315
0.316
0.315
0.316
0.315
0.315
0.314
0.317
0.315
0.313
0.316
0.313
0.313
0.314
0.312
0.311
0.313
0.315
0.314
0.312
0.31
0.309
0.309
0.31
0.305
0.309
0.316
0.314
0.31
0.309
0.314
0.315
0.317
0.318
0.316
0.314
0.308
0.305
0.306
0.305
0.304
0.302
0.305
0.309
0.304
0.301
0.304
0.312
0.312
0.306
0.309
0.313
0.308
0.305
0.305
0.305
0.306
0.304
0.308
0.308
0.305
0.305
0.301
0.298
0.301
0.307
0.306
0.305
0.306
0.305
0.307
0.304
0.307
0.312
0.303
0.3
0.299
0.305
0.313
0.309
0.309
0.307
0.304
0.302
0.302
0.302
0.302
0.3
0.299
0.3
0.298
0.299
0.305
0.304
0.3
0.296
0.293
0.3
0.301
0.303
0.304
0.301
0.302
0.3
0.297
0.299
0.306
0.304
0.304
0.304
0.3
0.302
0.304
0.305
0.305
0.296
0.298
0.305
0.3
0.297
0.298
0.296
0.292
0.294
0.295
0.298
0.3
0.298
0.297
0.3
0.301
0.296
0.297
0.297
0.297
0.298
0.298
0.297
0.296
0.294
0.293
0.298
0.3
0.301
0.297
0.293
0.298
0.302
0.302
0.303
0.299
0.297
0.294
0.294
0.297
0.297
0.301
0.302
0.298
0.296
0.294
0.294
0.295
0.292
0.295
0.299
0.297
0.295
0.294
0.294
0.294
0.297
0.292
0.284
0.292
0.3
0.3
0.3
0.297
0.294
0.293
0.288
0.288
0.296
0.295
0.293
0.294
0.293
0.295
0.297
0.293
0.284
0.283
0.293
0.292
0.293
0.302
0.302
0.297
0.295
0.295
0.293
0.294
0.296
0.295
0.297
0.297
0.292
0.29
0.289
0.29
0.291
0.287
0.287
0.285
0.282
0.292
0.3
0.298
0.296
0.295
0.296
0.299
0.294
0.291
0.295
0.293
0.292
0.293
0.288
0.286
0.291
0.305
0.307
0.299
0.297
0.296
0.294
0.293
0.295
0.293
0.293
0.294
0.294
0.293
0.292
0.289
0.282
0.292
0.297
0.295
0.297
0.293
0.287
0.287
0.296
0.296
0.291
0.293
0.292
0.288
0.285
0.285
0.289
0.292
0.29
0.29
0.291
0.294
0.299
0.294
0.293
0.292
0.291
0.294
0.293
0.292
0.291
0.289
0.288
0.286
0.288
0.293
0.292
0.29
0.291
0.289
0.289
0.295
0.295
0.296
0.296
0.288
0.288
0.292
0.295
0.294
0.294
0.299
0.302
0.3
0.302
0.3
0.298
0.303
0.309
0.311
0.306
0.309
0.311
0.31
0.308
0.31
0.31
0.313
0.321
0.316
0.314
0.317
0.32
0.321
0.32
0.322
0.328
0.331
0.33
0.327
0.322
0.322
0.324
0.33
0.333
0.334
0.335
0.333
0.334
0.333
0.329
0.331
0.339
0.339
0.338
0.339
0.338
0.342
0.351
0.355
0.358
0.358
0.355
0.357
0.356
0.358
0.359
0.353
0.347
0.349
0.351
0.346
0.341
0.335
0.336
0.339
0.339
0.34
0.341
0.341
0.344
0.344
0.338
0.336
0.338
0.345
0.347
0.343
0.343
0.345
0.342
0.337
0.332
0.328
0.321
0.314
0.31
0.302
0.297
0.296
0.292
0.288
0.29
0.288
0.283
0.278
0.279
0.281
0.281
0.28
0.276
0.279
0.277
0.271
0.271
0.268
0.264
0.266
0.27
0.274
0.276
0.275
0.266
0.264
0.275
0.275
0.271
0.275
0.273
0.269
0.269
0.274
0.276
0.271
0.268
0.269
0.272
0.267
0.264
0.27
0.27
0.268
0.269
0.269
0.266
0.264
0.265
0.265
0.265
0.264
0.263
0.263
0.263
0.264
0.265
0.266
0.263
0.256
0.257
0.263
0.269
0.269
0.265
0.265
0.264
0.262
0.262
0.26
0.255
0.258
0.26
0.257
0.258
0.257
0.255
0.255
0.245
0.242
0.24
0.231
0.218
0.224
0.238
0.235
0.228
0.222
0.22
0.223
0.229
0.234
0.237
0.243
0.256
0.272
0.287
0.318
0.351
0.391
0.432
0.469
0.509
0.545
0.578
0.613
0.648
0.683
0.722
0.759
0.795
0.831
0.857
0.876
0.9
0.908
0.92
0.925
0.917
0.912
0.895
0.895
0.907
0.911
0.904
0.884
0.863
0.825
0.776
0.72
0.655
0.59
0.518
0.464
0.405
0.331
0.286
0.252
0.208
0.173
0.153
0.126
0.101
0.101
0.103
0.103
0.105
0.107
0.116
0.126
0.134
0.146
0.16
0.165
0.175
0.191
0.201
0.214
0.237
0.253
0.254
0.266
0.274
0.272
0.274
0.28
0.28
0.276
0.286
0.297
0.297
0.29
0.292
0.291
0.29
0.294
0.295
0.293
0.288
0.291
0.3
0.304
0.302
0.302
0.302
0.301
0.301
0.302
0.308
0.31
0.307
0.308
0.309
0.308
0.306
0.306
0.304
0.297
0.298
0.308
0.32
0.322
0.315
0.311
0.319
0.321
0.32
0.32
0.316
0.319
0.32
0.313
0.313
0.324
0.329
0.327
0.325
0.324
0.329
0.33
0.329
0.327
0.328
0.332
0.33
0.33
0.335
0.334
0.333
0.333
0.328
0.329
0.339
0.339
0.335
0.334
0.335
0.338
0.34
0.338
0.335
0.339
0.342
0.345
0.348
0.347
0.34
0.332
0.339
0.349
0.35
0.346
0.344
0.345
0.352
0.353
0.352
0.352
0.354
0.355
0.354
0.355
0.355
0.357
0.36
0.363
0.357
0.352
0.36
0.361
0.359
0.362
0.364
0.368
0.371
0.37
0.37
0.37
0.372
0.373
0.37
0.372
0.38
0.385
0.381
0.379
0.381
0.381
0.381
0.384
0.386
0.389
0.389
0.385
0.384
0.39
0.391
0.394
0.399
0.396
0.394
0.397
0.4
0.401
0.403
0.406
0.408
0.404
0.4
0.401
0.412
0.422
0.421
0.419
0.417
0.418
0.421
0.423
0.425
0.432
0.44
0.437
0.438
0.435
0.437
0.45
0.45
0.447
0.448
0.454
0.458
0.457
0.462
0.46
0.462
0.468
0.465
0.467
0.474
0.483
0.484
0.487
0.49
0.492
0.498
0.497
0.501
0.506
0.508
0.514
0.52
0.524
0.528
0.528
0.53
0.531
0.535
0.54
0.542
0.546
0.55
0.554
0.558
0.558
0.564
0.573
0.573
0.574
0.578
0.581
0.583
0.583
0.587
0.599
0.6
0.602
0.606
0.602
0.606
0.61
0.608
0.61
0.615
0.623
0.627
0.625
0.627
0.633
0.638
0.64
0.637
0.642
0.645
0.645
0.646
0.649
0.65
0.649
0.654
0.655
0.655
0.654
0.654
0.653
0.649
0.649
0.647
0.651
0.65
0.645
0.644
0.641
0.642
0.64
0.634
0.625
0.625
0.634
0.631
0.623
0.619
0.612
0.603
0.594
0.59
0.588
0.579
0.569
0.561
0.556
0.551
0.544
0.54
0.537
0.529
0.521
0.515
0.505
0.486
0.475
0.487
0.493
0.477
0.468
0.46
0.449
0.442
0.433
0.434
0.433
0.425
0.417
0.412
0.408
0.402
0.398
0.392
0.387
0.388
0.384
0.378
0.374
0.371
0.368
0.363
0.36
0.359
0.353
0.349
0.347
0.343
0.339
0.338
0.341
0.341
0.33
0.329
0.339
0.341
0.334
0.325
0.324
0.326
0.328
0.328
0.324
0.321
0.325
0.319
0.319
0.325
0.323
0.323
0.318
0.318
0.323
0.32
0.319
0.319
0.32
0.321
0.316
0.311
0.316
0.316
0.315
0.318
0.313
0.308
0.309
0.308
0.307
0.313
0.316
0.313
0.313
0.31
0.308
0.31
0.313
0.313
0.307
0.305
0.312
0.31
0.306
0.309
0.318
0.319
0.31
0.304
0.305
0.316
0.318
0.308
0.307
0.315
0.314
0.31
0.315
0.314
0.311
0.303
0.305
0.311
0.309
0.309
0.306
0.303
0.305
0.314
0.314
0.311
0.308
0.31
0.314
0.31
0.308
0.307
0.308
0.308
0.309
0.311
0.309
0.307
0.31
0.314
0.313
0.306
0.306
0.308
0.301
0.307
0.311
0.309
0.313
0.311
0.309
0.31
0.312
0.314
0.315
0.317
0.311
0.309
0.311
0.313
0.316
0.314
0.308
0.306
0.304
0.306
0.315
0.316
0.311
0.314
0.319
0.318
0.308
0.306
0.314
0.316
0.314
