0.313
0.309
0.307
0.317
0.322
0.319
0.315
0.311
0.309
0.308
0.31
0.315
0.321
0.32
0.316
0.317
0.319
0.319
0.317
0.309
0.305
0.312
0.316
0.319
0.318
0.312
0.314
0.313
0.312
0.314
0.312
0.316
0.323
0.321
0.316
0.321
0.316
0.308
0.312
0.318
0.32
0.306
0.306
0.321
0.322
0.32
0.319
0.317
0.317
0.317
0.314
0.311
0.31
0.305
0.309
0.315
0.313
0.312
0.31
0.311
0.311
0.31
0.309
0.31
0.315
0.308
0.308
0.314
0.311
0.31
0.313
0.312
0.307
0.304
0.304
0.305
0.306
0.309
0.314
0.311
0.314
0.315
0.311
0.312
0.31
0.31
0.311
0.309
0.299
0.296
0.298
0.296
0.301
0.307
0.31
0.31
0.304
0.303
0.305
0.302
0.302
0.306
0.305
0.301
0.304
0.309
0.303
0.303
0.308
0.307
0.306
0.307
0.301
0.293
0.299
0.307
0.311
0.309
0.307
0.311
0.309
0.303
0.3
0.301
0.304
0.305
0.309
0.314
0.311
0.302
0.298
0.302
0.308
0.308
0.303
0.301
0.298
0.296
0.301
0.302
0.297
0.299
0.306
0.308
0.301
0.299
0.302
0.306
0.308
0.305
0.303
0.307
0.304
0.301
0.305
0.303
0.304
0.304
0.299
0.301
0.304
0.3
0.299
0.299
0.297
0.298
0.298
0.298
0.297
0.289
0.293
0.298
0.294
0.298
0.305
0.305
0.299
0.299
0.3
0.298
0.296
0.297
0.3
0.299
0.291
0.29
0.296
0.304
0.306
0.305
0.302
0.298
0.297
0.297
0.298
0.298
0.298
0.294
0.295
0.29
0.286
0.291
0.299
0.302
0.297
0.298
0.298
0.296
0.297
0.297
0.297
0.295
0.294
0.297
0.299
0.298
0.296
0.295
0.292
0.293
0.299
0.305
0.303
0.295
0.301
0.306
0.302
0.299
0.298
0.304
0.303
0.3
0.303
0.301
0.301
0.299
0.298
0.293
0.291
0.298
0.301
0.3
0.3
0.297
0.297
0.3
0.302
0.301
0.301
0.295
0.292
0.296
0.298
0.298
0.296
0.298
0.297
0.3
0.303
0.296
0.292
0.294
0.297
0.298
0.298
0.293
0.288
0.293
0.297
0.298
0.299
0.29
0.289
0.298
0.299
0.3
0.3
0.298
0.299
0.299
0.296
0.293
0.293
0.295
0.3
0.299
0.296
0.293
0.294
0.302
0.297
0.294
0.301
0.301
0.297
0.291
0.295
0.297
0.291
0.294
0.298
0.3
0.296
0.293
0.3
0.306
0.304
0.298
0.298
0.298
0.302
0.302
0.303
0.308
0.302
0.304
0.311
0.31
0.316
0.32
0.316
0.315
0.318
0.32
0.32
0.326
0.327
0.33
0.334
0.33
0.329
0.33
0.332
0.343
0.343
0.336
0.332
0.331
0.337
0.334
0.334
0.338
0.335
0.334
0.338
0.34
0.34
0.341
0.339
0.343
0.347
0.347
0.356
0.357
0.357
0.362
0.361
0.359
0.358
0.365
0.367
0.368
0.369
0.368
0.37
0.368
0.373
0.376
0.368
0.358
0.35
0.346
0.341
0.341
0.344
0.35
0.354
0.348
0.35
0.351
0.348
0.354
0.356
0.353
0.348
0.349
0.344
0.342
0.346
0.344
0.343
0.341
0.342
0.338
0.331
0.325
0.317
0.314
0.309
0.3
0.29
0.285
0.286
0.285
0.28
0.276
0.275
0.281
0.281
0.276
0.273
0.274
0.277
0.275
0.279
0.281
0.276
0.273
0.273
0.275
0.273
0.273
0.274
0.274
0.277
0.275
0.274
0.275
0.273
0.271
0.271
0.271
0.269
0.27
0.27
0.271
0.271
0.273
0.266
0.264
0.266
0.265
0.264
0.26
0.266
0.267
0.267
0.266
0.265
0.264
0.264
0.27
0.268
0.267
0.262
0.257
0.267
0.272
0.269
0.263
0.261
0.262
0.261
0.262
0.264
0.262
0.259
0.258
0.256
0.258
0.259
0.258
0.26
0.258
0.253
0.251
0.248
0.249
0.248
0.241
0.234
0.234
0.232
0.232
0.232
0.231
0.227
0.222
0.222
0.224
0.23
0.243
0.254
0.267
0.282
0.305
0.343
0.379
0.415
0.458
0.501
0.536
0.568
0.607
0.647
0.678
0.713
0.756
0.794
0.838
0.873
0.894
0.92
0.933
0.941
0.951
0.945
0.936
0.927
0.922
0.928
0.934
0.936
0.919
0.889
0.865
0.823
0.762
0.691
0.62
0.55
0.485
0.434
0.366
0.303
0.254
0.207
0.178
0.155
0.128
0.102
0.087
0.093
0.1
0.099
0.102
0.106
0.116
0.127
0.139
0.152
0.161
0.171
0.185
0.201
0.217
0.231
0.238
0.247
0.259
0.263
0.264
0.276
0.281
0.276
0.277
0.284
0.284
0.281
0.284
0.291
0.291
0.294
0.294
0.288
0.29
0.295
0.296
0.296
0.297
0.294
0.295
0.3
0.299
0.302
0.301
0.302
0.304
0.305
0.307
0.31
0.309
0.307
0.31
0.308
0.309
0.308
0.308
0.313
0.314
0.313
0.315
0.316
0.302
0.299
0.319
0.325
0.317
0.319
0.322
0.32
0.321
0.324
0.325
0.318
0.313
0.322
0.332
0.33
0.328
0.327
0.329
0.336
0.334
0.335
0.334
0.332
0.337
0.339
0.337
0.335
0.336
0.337
0.336
0.337
0.339
0.341
0.343
0.344
0.345
0.347
0.346
0.347
0.349
0.344
0.344
0.342
0.344
0.347
0.345
0.351
0.354
0.35
0.35
0.352
0.357
0.356
0.355
0.358
0.354
0.351
0.359
0.368
0.37
0.365
0.363
0.362
0.366
0.37
0.375
0.374
0.365
0.363
0.368
0.367
0.366
0.373
0.374
0.375
0.38
0.382
0.378
0.382
0.385
0.379
0.373
0.365
0.381
0.392
0.386
0.387
0.382
0.387
0.388
0.387
0.395
0.399
0.399
0.395
0.405
0.411
0.407
0.408
0.408
0.408
0.408
0.408
0.407
0.409
0.416
0.419
0.421
0.416
0.421
0.433
0.431
0.429
0.431
0.433
0.438
0.439
0.441
0.443
0.448
0.453
0.455
0.458
0.456
0.455
0.455
0.458
0.461
0.462
0.471
0.478
0.48
0.485
0.488
0.488
0.489
0.491
0.491
0.489
0.495
0.505
0.512
0.512
0.513
0.517
0.523
0.526
0.522
0.524
0.532
0.541
0.54
0.543
0.552
0.556
0.561
0.561
0.562
0.568
0.575
0.583
0.579
0.57
0.574
0.583
0.591
0.593
0.594
0.605
0.618
0.614
0.612
0.618
0.616
0.615
0.615
0.622
0.633
0.636
0.637
0.64
0.643
0.641
0.645
0.647
0.642
0.642
0.647
0.654
0.656
0.657
0.661
0.661
0.659
0.66
0.66
0.659
0.658
0.658
0.651
0.655
0.664
0.664
0.661
0.655
0.654
0.654
0.648
0.644
0.64
0.635
0.63
0.63
0.627
0.622
0.616
0.612
0.608
0.602
0.594
0.583
0.578
0.576
0.564
0.558
0.549
0.538
0.536
0.529
0.525
0.519
0.51
0.508
0.502
0.494
0.481
0.472
0.471
0.467
0.459
0.453
0.448
0.441
0.434
0.427
0.419
0.411
0.406
0.404
0.399
0.399
0.398
0.391
0.387
0.378
0.376
0.371
0.366
0.364
0.363
0.358
0.353
0.355
0.347
0.344
0.351
0.348
0.343
0.34
0.34
0.338
0.334
0.332
0.33
0.33
0.33
0.33
0.326
0.322
0.318
0.32
0.33
0.327
0.321
0.319
0.312
0.313
0.321
0.323
0.32
0.316
0.308
0.306
0.316
0.318
0.314
0.313
0.311
0.312
0.309
0.311
0.311
0.308
0.306
0.304
0.305
0.301
0.303
0.309
0.314
0.312
0.306
0.31
0.311
0.312
0.313
0.307
0.308
0.31
0.307
0.307
0.306
0.305
0.307
0.304
0.304
0.304
0.306
0.311
0.308
0.308
0.305
0.303
0.307
0.306
0.307
0.308
0.308
0.313
0.313
0.31
0.307
0.302
0.297
0.299
0.307
0.309
0.305
0.303
0.3
0.295
0.295
0.296
0.308
0.307
0.301
0.309
0.318
0.318
0.315
0.31
0.306
0.307
0.307
0.305
0.306
0.307
0.31
0.314
0.313
0.315
0.318
0.315
0.311
0.308
0.307
0.303
0.308
0.315
0.31
0.309
0.306
0.3
0.298
0.306
0.313
0.309
0.31
0.309
0.306
0.303
0.303
0.31
0.31
0.306
0.309
0.308
0.308
0.308
0.308
0.311
0.313
0.312
0.309
0.309
0.31
0.311
0.31
0.306
0.306
0.309
0.314
0.312
0.31
0.309
0.303
0.303
0.306
0.308
0.303
0.305
0.315
0.315
0.313
0.314
0.312
0.31
0.312
0.309
0.307
0.31
0.31
0.307
0.308
0.308
0.307
0.308
0.308
0.309
0.309
0.308
0.305
0.301
0.306
0.313
0.31
0.305
0.304
0.303
0.298
0.292
0.292
0.296
0.305
0.308
0.305
0.302
0.298
0.294
0.296
0.307
0.309
0.305
0.304
0.304
0.307
0.308
0.311
0.309
0.306
0.305
0.304
0.303
0.303
0.305
0.303
0.302
0.299
0.299
0.3
0.297
0.296
0.298
0.305
0.308
0.305
0.303
0.305
0.306
0.304
0.3
0.297
0.298
0.295
0.292
0.291
0.293
0.304
0.303
0.297
0.3
0.299
0.297
0.295
0.293
0.299
0.301
0.3
0.302
0.3
0.301
0.297
0.301
0.302
0.301
0.308
0.301
0.297
0.295
0.298
0.298
0.293
0.298
0.299
0.299
0.296
0.295
0.298
0.296
0.294
0.296
0.297
0.298
0.297
0.292
0.293
0.295
0.296
0.294
0.288
0.286
0.286
0.291
0.297
0.292
0.291
0.293
0.296
0.305
0.303
0.298
0.291
0.292
0.301
0.299
0.298
0.298
0.298
0.298
0.294
0.289
0.287
0.294
0.296
0.3
0.302
0.305
0.3
0.287
0.292
0.288
0.287
0.291
0.295
0.3
0.301
0.303
0.292
0.286
0.287
0.289
0.296
0.296
0.299
0.294
0.29
0.285
0.282
0.292
0.293
0.294
0.295
0.294
0.297
0.304
0.307
0.298
0.294
0.29
0.288
0.283
0.28
0.286
0.293
0.297
0.295
0.291
0.288
0.286
0.29
0.295
0.295
0.288
0.285
0.292
0.294
0.294
0.294
0.295
0.299
0.293
0.291
0.293
0.289
0.288
0.29
0.291
0.29
0.287
0.286
0.292
0.291
0.285
0.287
0.287
0.293
0.299
0.293
0.286
0.286
0.286
0.285
0.292
0.297
0.293
0.294
0.294
0.291
0.292
0.299
0.303
0.3
0.289
0.285
0.287
0.284
0.288
0.289
0.291
0.29
0.291
0.298
0.297
0.296
0.293
0.289
0.286
0.286
0.283
0.286
0.284
0.278
0.284
0.293
0.296
0.293
0.291
0.293
0.298
0.294
0.289
0.281
0.281
0.291
0.289
0.289
0.295
0.293
0.288
0.292
0.294
0.295
0.302
0.303
0.296
0.3
0.303
0.298
0.306
0.313
0.314
0.311
0.306
0.301
0.302
0.31
0.315
0.315
0.313
0.314
0.314
0.312
0.315
0.322
0.327
0.336
0.336
0.333
0.331
0.331
0.336
0.337
0.334
0.323
0.326
0.338
0.334
0.332
0.329
0.329
0.34
0.343
0.347
0.347
0.351
0.357
0.352
0.358
0.361
0.354
0.35
0.359
0.369
0.362
0.36
0.374
0.378
0.37
0.37
0.366
0.365
0.364
0.36
0.359
0.352
0.351
0.348
0.343
0.343
0.34
0.344
0.345
0.344
0.348
0.353
0.353
0.353
0.354
0.349
0.346
0.346
0.345
0.348
0.349
0.341
0.342
0.34
0.333
0.331
0.32
0.31
0.3
0.297
0.294
0.278
0.277
0.29
0.29
0.279
0.272
0.27
0.268
0.265
0.26
0.266
0.275
0.272
0.27
0.276
0.277
0.28
0.278
0.274
0.273
0.271
0.271
0.262
0.266
0.274
0.278
0.277
0.263
0.256
0.26
0.274
0.271
0.257
0.259
0.266
0.275
0.271
0.261
0.267
0.271
0.27
0.262
0.256
0.262
0.265
0.266
0.269
0.27
0.266
0.257
0.258
0.265
0.265
0.265
0.266
0.262
0.266
0.267
0.262
0.258
0.254
0.253
0.251
0.26
0.265
0.26
0.262
0.26
0.259
0.259
0.253
0.254
0.255
0.251
0.249
0.247
0.242
0.24
0.238
0.233
0.229
0.23
0.225
0.214
0.214
0.214
0.213
0.221
0.226
0.232
0.24
0.248
0.27
0.286
0.305
0.338
0.368
0.405
0.453
0.496
0.529
0.56
0.594
0.631
0.672
0.709
0.753
0.804
0.838
0.858
0.877
0.908
0.92
0.917
0.936
0.936
0.923
0.916
0.911
0.915
0.913
0.905
0.902
0.882
0.843
0.803
0.75
0.681
0.612
0.542
0.483
0.43
0.364
0.295
0.244
0.204
0.162
0.135
0.116
0.091
0.079
0.089
0.097
0.091
0.093
0.102
0.111
0.121
0.133
0.138
0.152
0.167
0.182
0.199
0.208
0.221
0.229
0.243
0.261
0.267
0.262
0.259
0.267
0.281
0.281
0.281
0.281
0.273
0.276
0.278
0.291
0.298
0.288
0.285
0.288
0.282
0.279
0.287
0.292
0.294
0.294
0.298
0.299
0.289
0.288
0.302
0.303
0.303
0.309
0.306
0.301
0.298
0.303
0.312
0.313
0.304
0.302
0.307
0.308
0.309
0.314
0.314
0.314
0.318
0.317
0.31
0.314
0.317
0.316
0.318
0.321
0.327
0.328
0.326
0.327
0.327
0.328
0.325
0.318
0.318
0.325
0.325
0.329
0.332
0.329
0.329
0.331
0.336
0.342
0.339
0.334
0.334
0.337
0.338
0.339
0.344
0.338
0.33
0.333
0.339
0.35
0.348
0.336
0.334
0.335
0.341
0.347
0.344
0.353
0.352
0.343
0.347
0.344
0.348
0.351
0.35
0.356
0.356
0.354
0.35
0.355
0.365
0.366
0.362
0.358
0.354
0.358
0.364
0.363
0.361
0.367
0.369
0.366
0.373
0.371
0.369
0.376
0.373
0.368
0.37
0.379
0.385
0.38
0.377
0.381
0.385
0.383
0.386
0.39
0.389
0.383
0.384
0.394
0.394
0.391
0.394
0.4
0.403
0.403
0.403
0.402
0.404
0.402
0.402
0.399
0.403
0.418
0.426
0.422
0.418
0.426
0.427
0.418
0.424
0.433
0.444
0.442
0.436
0.439
0.445
0.443
0.432
0.447
0.454
0.451
0.46
0.46
0.46
0.465
0.467
0.474
0.474
0.473
0.481
0.483
0.484
0.493
0.5
0.497
0.495
0.495
0.502
0.514
0.515
0.511
0.51
0.505
0.508
0.525
0.529
0.524
0.523
0.531
0.538
0.54
0.542
0.542
0.553
0.561
0.558
0.561
0.571
0.572
0.573
0.573
0.574
0.585
0.594
0.585
0.585
0.591
0.587
0.596
0.606
0.613
0.618
0.626
0.625
0.621
0.625
0.633
0.64
0.635
0.638
0.639
0.635
0.633
0.636
0.64
0.642
0.643
0.641
0.643
0.647
0.654
0.655
0.652
0.652
0.654
0.657
0.649
0.655
0.664
0.655
0.651
0.652
0.656
0.65
0.649
0.653
0.643
0.64
0.634
0.631
0.626
0.621
0.619
0.616
0.615
0.608
0.598
0.592
0.592
0.587
0.577
0.571
0.564
0.549
0.542
0.544
0.537
0.525
0.515
0.51
0.5
0.488
0.486
0.484
0.486
0.476
0.469
0.463
0.456
0.455
0.429
0.42
0.424
0.423
0.422
0.419
0.416
0.407
0.402
0.397
0.39
0.387
0.384
0.382
0.378
0.37
0.369
0.362
0.349
0.347
0.354
0.36
0.356
0.346
0.343
0.343
0.341
0.344
0.337
0.335
0.336
0.327
0.331
0.336
0.334
0.332
0.329
0.32
0.319
0.332
0.339
0.335
0.324
0.322
0.318
0.312
0.315
0.313
0.313
0.314
0.319
0.323
0.318
0.317
0.319
0.32
0.32
0.319
0.321
0.322
0.317
0.312
0.32
0.318
0.311
0.315
0.314
0.309
0.314
0.315
0.316
0.32
0.308
0.307
0.315
0.318
0.318
0.313
0.313
0.31
0.306
0.306
0.308
0.311
0.309
0.308
0.31
0.316
0.324
0.322
0.312
0.311
0.314
0.308
0.308
0.315
0.318
0.31
0.313
0.319
0.309
0.301
0.303
0.305
0.301
0.305
0.317
0.314
0.311
0.315
0.323
0.324
0.322
0.328
0.313
0.313
0.32
0.307
0.309
0.31
0.309
0.32
0.324
0.322
0.317
0.315
0.32
0.319
0.314
0.314
0.311
0.317
0.32
0.312
0.305
0.303
0.313
0.313
0.315
0.31
0.306
0.324
0.332
0.327
0.327
0.327
0.322
0.316
0.316
0.325
0.321
0.312
0.314
0.313
0.313
0.315
0.322
0.323
0.323
0.316
0.311
0.313
0.313
0.323
0.322
0.319
0.315
0.31
0.32
0.326
0.327
0.331
0.322
0.317
0.319
0.322
0.329
0.325
0.319
0.321
0.322
0.318
0.32
0.32
0.316
0.319
0.315
0.319
0.323
0.316
0.314
0.317
0.321
0.324
0.322
0.311
0.313
0.307
0.303
0.311
0.306
0.311
0.317
0.314
0.311
0.316
0.32
0.317
0.317
0.317
0.324
0.324
0.319
0.315
0.311
0.318
0.317
0.309
0.311
0.314
0.311
0.304
0.304
0.307
0.309
0.311
0.308
0.304
0.304
0.31
0.305
0.305
0.314
0.311
0.311
0.317
0.314
0.307
0.308
0.308
0.307
0.31
0.309
0.307
0.305
0.302
0.302
0.309
0.307
0.297
0.308
0.306
0.3
0.309
0.305
0.305
0.309
0.31
0.317
0.311
0.306
0.308
0.305
0.304
0.302
0.304
0.307
0.309
0.306
0.307
0.303
0.302
0.302
0.301
0.304
0.306
0.314
0.312
0.303
0.3
0.299
0.299
0.297
0.299
0.302
0.301
0.302
0.301
0.301
0.314
0.311
0.303
0.306
0.307
0.305
0.295
0.289
0.293
0.299
0.298
0.3
0.304
0.295
0.296
0.307
0.3
0.293
0.295
0.298
0.302
0.298
0.298
0.292
0.284
0.294
0.301
0.302
0.31
0.311
0.307
0.299
0.294
0.297
0.299
0.303
0.301
0.3
0.302
0.293
0.297
0.303
0.306
0.308
0.304
0.303
0.304
0.306
0.303
0.302
0.303
0.298
0.301
0.3
0.291
0.296
0.301
0.295
0.297
0.305
0.304
0.305
0.306
0.303
0.302
0.291
0.288
0.299
0.306
0.302
0.3
0.299
0.293
0.296
0.298
0.293
0.295
0.302
0.308
0.307
0.304
0.303
0.3
0.3
0.301
0.298
0.295
0.292
0.286
0.29
0.303
0.305
0.298
0.296
0.298
0.304
0.309
0.305
0.3
0.3
0.292
0.29
0.304
0.304
0.285
0.284
0.307
0.321
0.31
0.296
0.292
0.29
0.296
0.296
0.294
0.298
0.306
0.308
0.306
0.305
0.307
0.307
0.307
0.312
0.317
0.319
0.318
0.32
0.321
0.325
0.323
0.322
0.327
0.33
0.332
0.332
0.332
0.333
0.335
0.339
0.34
0.341
0.338
0.34
0.335
0.322
0.328
0.336
0.341
0.341
0.339
0.341
0.343
0.35
0.348
0.353
0.362
0.361
0.364
0.364
0.364
0.362
0.367
0.369
0.364
0.365
0.361
0.355
0.354
0.359
0.362
0.362
0.363
0.359
0.359
0.359
0.35
0.35
0.349
0.348
0.354
0.352
0.355
0.354
0.352
0.35
0.347
0.349
0.355
0.365
0.361
0.357
0.355
0.352
0.348
0.343
0.344
0.339
0.335
0.34
0.338
0.325
0.31
0.311
0.309
0.297
0.294
0.296
0.291
0.283
0.284
0.285
0.285
0.282
0.281
0.281
0.279
0.281
0.28
0.28
0.281
0.276
0.276
0.28
0.279
0.281
0.278
0.273
0.278
0.282
0.277
0.275
0.28
0.275
0.273
0.277
0.277
0.279
0.277
0.274
0.273
0.273
0.271
0.265
0.266
0.27
0.276
0.274
0.271
0.277
0.272
0.263
0.266
0.272
0.273
0.27
0.269
0.268
0.266
0.264
0.265
0.271
0.27
0.266
0.266
0.265
0.269
0.273
0.27
0.271
0.269
0.266
0.263
0.257
0.254
0.258
0.261
0.264
0.261
0.253
0.248
0.245
0.248
0.247
0.245
0.243
0.239
0.243
0.241
0.238
0.236
0.236
0.243
0.248
0.261
0.28
0.295
0.316
0.338
0.364
0.406
0.455
0.495
0.524
0.549
0.58
0.617
0.657
0.691
0.724
0.752
0.782
0.805
0.811
0.834
0.841
0.844
0.863
0.874
0.868
0.853
0.852
0.85
0.852
0.847
0.839
0.821
0.786
0.745
0.688
0.628
0.566
0.503
0.449
0.391
0.33
0.281
0.239
0.198
0.166
0.144
0.126
0.107
0.1
0.107
0.113
0.112
0.116
0.117
0.12
0.13
0.14
0.153
0.171
0.182
0.193
0.205
0.222
0.233
0.235
0.248
0.26
0.267
0.271
0.268
0.272
0.283
0.285
0.277
0.281
0.287
0.285
0.287
0.294
0.297
0.289
0.287
0.294
0.302
