128
125
124
124
126
121
125
126
115
117
123
115
115
125
128
117
122
124
121
125
126
121
123
126
118
116
117
121
120
125
122
115
117
121
120
126
125
122
119
122
122
120
119
121
119
118
122
124
120
123
126
116
119
124
117
121
122
120
120
124
120
117
117
121
119
122
119
122
116
116
119
122
123
121
117
124
123
117
115
128
122
118
121
130
118
116
127
120
120
126
127
120
124
121
122
118
125
123
126
125
120
121
122
126
116
124
129
124
120
126
121
120
126
129
125
127
130
120
123
129
125
122
129
125
119
122
118
109
118
119
112
119
119
111
117
117
113
118
114
113
118
113
122
129
131
131
141
135
133
144
143
139
143
144
135
137
149
142
141
139
138
135
130
138
129
137
134
135
126
139
137
127
135
134
135
139
138
131
130
128
140
129
133
146
141
137
132
125
126
131
132
127
143
142
136
137
141
136
135
139
131
130
132
133
129
133
139
132
133
132
132
133
133
132
127
132
135
129
133
134
127
129
127
136
131
134
131
123
131
126
134
129
136
129
130
132
132
127
138
138
126
130
134
126
131
130
131
126
129
134
137
