132
129
139
133
136
137
138
132
137
132
131
135
134
131
132
137
131
131
138
135
135
138
145
132
136
139
132
132
139
136
135
143
139
132
135
137
134
135
132
140
138
134
135
129
133
134
131
139
137
136
136
138
130
128
135
133
141
137
137
134
138
138
136
133
140
136
136
145
141
136
135
138
133
134
132
143
138
141
141
132
137
140
137
130
138
137
134
136
139
133
142
140
133
134
131
136
129
139
131
123
129
127
123
131
127
127
124
129
126
121
128
120
122
128
118
126
131
124
123
123
122
128
134
136
139
145
138
141
141
143
140
147
143
133
142
138
138
139
144
144
140
145
138
136
136
141
142
144
138
138
140
138
139
129
139
141
133
137
137
132
133
138
139
135
131
136
131
139
134
131
133
128
137
136
135
135
133
138
135
137
138
132
135
132
136
133
132
134
132
137
140
135
131
140
134
135
135
138
130
136
134
134
129
131
132
134
128
132
131
128
132
132
125
133
129
125
131
135
125
127
129
130
126
131
135
129
125
136
133
124
128
134
127
131
129
126
131
128
130
123
133
131
123
131
132
124
125
123
132
123
132
