129
136
138
134
133
140
141
137
138
140
133
134
134
135
131
140
134
131
136
138
138
138
138
141
138
138
133
137
136
137
139
140
140
135
134
137
140
135
140
139
132
138
137
134
138
140
138
137
145
140
132
137
143
136
133
140
133
143
140
134
134
137
138
141
140
141
139
144
136
132
141
139
139
134
143
137
135
142
139
135
134
144
134
134
141
139
132
135
144
135
137
144
138
139
135
130
127
130
137
128
126
128
123
128
129
126
131
130
128
132
125
125
131
125
131
134
144
142
150
144
145
139
150
141
144
147
148
139
144
149
142
145
149
151
144
145
144
139
140
148
139
138
142
140
141
138
137
144
143
147
137
141
141
140
134
143
139
138
137
143
135
144
136
141
137
147
143
139
145
141
137
138
144
137
139
141
139
135
139
135
137
140
137
132
133
136
138
136
134
140
132
136
134
133
140
140
140
142
137
139
130
133
143
134
131
136
131
130
139
139
134
134
139
133
131
136
126
124
131
134
134
134
135
128
134
128
136
136
133
130
134
134
129
136
136
136
130
135
136
126
134
136
129
126
129
128
123
127
132
130
143
