140
138
141
136
142
143
141
128
137
136
130
133
135
133
141
137
136
132
137
134
127
136
133
137
134
134
128
128
128
141
131
132
133
130
129
135
131
127
126
134
130
135
131
125
137
133
131
132
130
131
132
131
131
121
132
130
125
128
131
126
128
130
128
125
128
128
128
132
134
125
126
124
126
123
131
129
131
127
129
126
122
127
124
119
130
128
129
130
131
125
122
125
127
127
128
127
126
128
129
126
123
130
120
127
127
130
124
126
121
120
127
129
125
121
125
127
119
121
129
124
124
126
128
127
128
126
120
129
128
122
127
126
122
120
119
124
114
122
128
117
118
114
116
122
120
120
121
119
121
123
121
130
133
132
127
133
137
128
132
135
131
128
140
131
130
130
132
126
133
134
125
130
131
133
125
129
121
124
129
131
125
125
129
127
122
128
131
122
132
133
126
138
131
126
130
132
125
130
133
136
125
133
132
131
129
134
130
131
136
130
127
138
135
128
134
131
132
130
132
130
126
132
131
127
130
133
127
131
134
123
124
129
132
129
131
131
129
127
127
128
127
129
131
125
132
131
128
125
130
130
141
