124
127
133
131
132
133
133
134
128
132
128
128
139
130
127
131
131
131
130
132
130
132
131
132
127
132
131
128
130
132
128
125
132
131
128
135
132
129
130
138
128
129
134
131
132
134
127
130
129
131
126
131
133
128
129
139
131
127
133
132
129
132
131
124
129
132
130
129
136
134
128
134
134
129
136
131
131
128
132
137
129
133
132
126
134
131
126
130
131
132
129
138
129
130
127
134
129
131
130
124
127
131
132
129
129
126
131
127
132
125
129
131
130
125
127
137
126
129
130
123
134
128
133
126
132
129
119
133
133
128
129
128
127
125
129
130
124
132
131
127
128
136
131
126
131
129
122
134
122
123
128
128
122
126
128
121
126
124
118
127
124
120
129
126
125
131
138
129
131
138
137
130
142
138
133
132
138
131
138
141
139
143
145
139
139
138
137
133
132
144
135
135
138
129
133
132
133
127
133
137
133
141
141
133
138
142
136
130
135
137
128
134
138
129
136
134
130
130
132
133
128
133
133
131
134
138
133
132
135
132
134
133
134
130
133
136
123
130
133
134
130
133
135
128
132
132
130
140
130
132
136
