137
133
134
133
129
134
131
132
130
136
130
128
131
132
127
127
131
126
131
128
133
126
132
128
123
126
128
123
127
130
128
124
133
131
127
129
125
129
127
133
129
125
125
124
124
123
127
121
131
124
130
123
126
124
120
124
127
123
122
129
127
122
125
124
118
123
133
124
122
127
123
118
113
114
112
114
113
114
115
111
110
108
109
107
108
110
111
106
113
115
107
111
112
117
118
122
124
117
119
124
123
124
127
125
124
129
126
122
127
127
118
121
126
119
117
129
129
117
123
128
123
126
129
125
128
122
122
125
125
126
126
126
127
121
126
125
122
125
132
130
121
126
127
124
125
123
122
129
121
124
121
129
126
120
124
130
124
120
133
133
119
127
127
124
125
125
125
122
130
125
120
128
126
125
124
129
124
124
128
127
125
125
130
128
130
126
125
124
128
126
127
125
129
120
130
125
121
125
127
128
126
126
124
123
126
129
124
126
132
125
124
127
125
119
121
131
123
126
130
124
123
128
124
121
123
126
127
128
128
126
125
129
128
122
130
124
127
129
129
121
126
127
129
123
131
127
120
120
128
120
120
