115
113
116
122
114
114
118
115
119
121
121
113
118
119
114
119
123
120
112
122
117
115
118
117
114
119
118
117
116
117
112
114
119
120
125
118
123
120
113
117
117
120
124
122
120
118
124
115
118
123
123
121
121
119
120
120
123
119
119
123
122
116
125
120
118
119
126
117
122
130
120
117
125
123
122
125
121
119
124
127
126
125
128
125
122
126
120
122
125
126
127
121
129
123
127
130
130
122
126
130
122
128
127
128
122
130
127
125
128
135
125
128
130
129
124
124
127
124
128
133
127
134
132
127
129
126
129
125
119
124
124
123
131
117
118
119
117
121
128
120
118
123
130
119
119
128
125
118
126
125
124
124
129
130
127
135
135
130
136
137
135
135
134
135
138
139
141
134
135
137
134
134
140
135
140
141
136
141
136
130
130
139
138
137
143
143
136
140
132
131
131
142
143
144
152
153
145
150
149
143
137
146
147
147
151
149
143
147
145
144
146
148
148
141
140
144
142
138
142
141
138
146
148
137
141
142
137
132
137
136
133
132
140
125
137
137
130
136
134
128
134
134
136
125
134
133
137
134
136
134
131
