137
134
132
137
132
133
137
132
138
133
132
138
141
131
137
141
138
135
142
132
134
139
142
139
139
137
131
133
141
139
137
137
136
135
138
138
139
135
138
142
143
135
137
132
137
139
136
141
138
140
137
138
142
132
135
137
134
135
137
138
131
138
139
133
138
135
132
134
132
137
129
133
142
132
133
135
131
131
138
131
130
137
138
132
140
136
127
132
135
135
127
137
131
132
137
135
125
132
141
128
131
134
130
132
135
131
126
132
138
127
129
138
127
131
136
126
129
131
136
130
127
130
127
126
129
119
120
124
125
119
124
131
123
127
125
122
126
125
129
124
125
127
122
124
128
126
122
125
131
125
136
137
134
135
142
133
136
139
138
130
139
139
134
136
142
138
131
140
136
133
138
138
131
135
131
135
133
143
138
130
138
139
134
129
141
131
127
138
128
131
129
136
125
130
136
129
128
127
130
126
129
130
126
129
130
126
125
132
127
129
130
131
124
134
131
125
125
128
128
123
129
129
122
129
129
123
129
130
123
132
128
128
122
134
129
123
130
125
125
121
131
124
126
126
130
117
123
127
122
123
131
