127
126
129
128
125
124
131
125
127
129
119
128
131
125
130
134
131
126
135
127
123
131
133
129
126
135
127
125
126
136
128
131
136
130
131
134
121
125
128
132
125
130
135
126
134
128
129
126
128
132
123
132
134
123
133
132
126
130
130
131
125
130
135
128
132
133
129
130
133
134
130
130
129
130
132
137
130
128
130
133
130
132
130
129
128
136
129
131
130
133
133
133
136
128
134
137
131
128
133
135
126
137
135
128
132
135
130
130
137
127
133
136
127
128
136
131
131
135
136
133
131
131
132
127
135
134
133
135
138
131
131
133
134
129
134
131
126
129
132
124
124
129
126
128
124
124
126
129
122
129
126
128
124
126
124
130
128
136
137
133
139
141
133
138
141
132
133
140
143
129
136
137
138
133
140
130
133
136
138
129
136
138
133
136
139
132
136
137
135
132
140
136
130
134
133
135
131
138
138
134
139
138
133
139
136
136
130
133
140
132
137
139
131
138
139
130
135
136
137
131
140
135
131
140
138
131
132
140
133
134
133
141
129
138
140
136
139
138
138
134
136
140
124
138
138
131
137
138
129
131
133
