120
129
126
123
127
127
124
126
127
131
125
130
125
125
129
130
128
131
133
133
127
127
131
122
129
129
123
129
133
131
121
131
126
127
128
134
122
132
131
129
126
131
127
126
129
128
126
131
129
125
127
131
133
128
131
135
133
133
128
127
128
129
127
128
134
128
127
128
130
132
132
135
132
129
127
129
125
128
133
129
132
133
129
124
132
133
128
130
131
124
128
132
134
129
133
132
126
128
134
122
129
127
133
127
138
131
126
137
136
137
136
140
136
136
138
133
129
133
136
132
132
135
127
137
134
128
130
132
133
131
130
131
128
126
129
126
129
128
134
128
129
131
127
124
128
122
130
124
129
123
127
123
122
122
125
122
126
125
125
125
132
133
127
130
129
128
127
134
128
128
137
134
130
128
132
124
126
133
131
128
130
132
127
128
134
129
133
136
128
131
129
130
126
132
128
126
134
135
132
131
132
132
125
132
127
126
132
132
129
130
126
134
127
130
131
125
132
130
132
131
131
128
130
133
129
125
128
132
130
129
124
132
128
132
131
128
134
131
124
127
134
134
132
135
134
135
138
138
132
140
131
