-1.353
-1.347
-1.343
-1.341
-1.339
-1.339
-1.339
-1.337
-1.337
-1.339
-1.341
-1.341
-1.34
-1.337
-1.337
-1.335
-1.336
-1.339
-1.338
-1.339
-1.337
-1.336
-1.338
-1.335
-1.325
-1.319
-1.322
-1.323
-1.322
-1.321
-1.321
-1.32
-1.322
-1.324
-1.323
-1.321
-1.319
-1.321
-1.319
-1.316
-1.315
-1.317
-1.317
-1.313
-1.313
-1.312
-1.31
-1.313
-1.313
-1.313
-1.313
-1.313
-1.317
-1.317
-1.317
-1.314
-1.31
-1.31
-1.311
-1.311
-1.311
-1.31
-1.31
-1.31
-1.31
-1.31
-1.308
-1.304
-1.302
-1.304
-1.303
-1.302
-1.302
-1.302
-1.302
-1.298
-1.299
-1.299
-1.297
-1.296
-1.295
-1.296
-1.297
-1.298
-1.3
-1.298
-1.296
-1.296
-1.297
-1.296
-1.292
-1.291
-1.292
-1.294
-1.294
-1.292
-1.29
-1.288
-1.288
-1.29
-1.29
-1.288
-1.286
-1.285
-1.284
-1.283
-1.283
-1.282
-1.283
-1.281
-1.278
-1.277
-1.275
-1.277
-1.274
-1.274
-1.276
-1.273
-1.274
-1.273
-1.269
-1.266
-1.263
-1.264
-1.264
-1.262
-1.26
-1.26
-1.263
-1.262
-1.259
-1.259
-1.26
-1.261
-1.26
-1.261
-1.259
-1.256
-1.256
-1.256
-1.256
-1.254
-1.254
-1.254
-1.25
-1.248
-1.246
-1.243
-1.242
-1.245
-1.242
-1.238
-1.236
-1.234
-1.231
-1.229
-1.227
-1.222
-1.22
-1.222
-1.225
-1.224
-1.22
-1.22
-1.22
-1.222
-1.213
-1.202
-1.208
-1.212
-1.21
-1.213
-1.212
-1.212
-1.21
-1.21
-1.212
-1.212
-1.212
-1.21
-1.21
-1.209
-1.208
-1.213
-1.212
-1.211
-1.211
-1.213
-1.216
-1.212
-1.212
-1.208
-1.206
-1.207
-1.207
-1.206
-1.206
-1.2
-1.196
-1.198
-1.198
-1.196
-1.194
-1.194
-1.196
-1.198
-1.196
-1.191
-1.193
-1.196
-1.197
-1.196
-1.19
-1.19
-1.192
-1.192
-1.194
-1.192
-1.192
-1.195
-1.2
-1.202
-1.202
-1.204
-1.206
-1.21
-1.212
-1.216
-1.218
-1.22
-1.222
-1.226
-1.23
-1.23
-1.232
-1.236
-1.24
-1.246
-1.25
-1.253
-1.256
-1.259
-1.259
-1.261
-1.266
-1.271
-1.274
-1.274
-1.276
-1.279
-1.284
-1.284
-1.282
-1.284
-1.285
-1.29
-1.296
-1.296
-1.295
-1.295
-1.298
-1.302
-1.305
-1.304
-1.304
-1.308
-1.312
-1.315
-1.317
-1.319
-1.317
-1.317
-1.321
-1.323
-1.323
-1.323
-1.326
-1.329
-1.328
-1.328
-1.327
-1.329
-1.328
-1.324
-1.321
-1.325
-1.323
-1.321
-1.321
-1.318
-1.317
-1.316
-1.315
-1.315
-1.317
-1.319
-1.319
-1.319
-1.319
-1.321
-1.315
-1.308
-1.312
-1.315
-1.313
-1.312
-1.313
-1.317
-1.319
-1.319
-1.319
-1.318
-1.315
-1.314
-1.313
-1.31
-1.309
-1.313
-1.312
-1.31
-1.31
-1.312
-1.31
-1.31
-1.311
-1.312
-1.312
-1.312
-1.311
-1.31
-1.312
-1.314
-1.315
-1.313
-1.314
-1.314
-1.313
-1.311
-1.308
-1.308
-1.308
-1.307
-1.309
-1.312
-1.313
-1.315
-1.315
-1.315
-1.317
-1.319
-1.32
-1.321
-1.323
-1.321
-1.32
-1.323
-1.325
-1.323
-1.324
-1.323
-1.323
-1.325
-1.326
-1.325
-1.321
-1.32
-1.318
-1.319
-1.317
-1.319
-1.321
-1.321
-1.321
-1.319
-1.319
-1.319
-1.318
-1.316
-1.319
-1.321
-1.319
-1.317
-1.319
-1.323
-1.323
-1.323
-1.321
-1.321
-1.321
-1.321
-1.323
-1.325
-1.324
-1.325
-1.329
-1.331
-1.331
-1.331
-1.329
-1.328
-1.326
-1.324
-1.325
-1.325
-1.327
-1.327
-1.327
-1.329
-1.327
-1.327
-1.327
-1.33
-1.33
-1.331
-1.333
-1.335
-1.335
-1.335
-1.339
-1.333
-1.327
-1.327
-1.331
-1.335
-1.339
-1.337
-1.335
-1.335
-1.333
-1.333
-1.334
-1.335
-1.333
-1.335
-1.337
-1.333
-1.334
-1.335
-1.331
-1.334
-1.333
-1.331
-1.331
-1.329
-1.331
-1.331
-1.333
-1.335
-1.335
-1.335
-1.334
-1.339
-1.337
-1.335
-1.337
-1.339
-1.337
-1.339
-1.342
-1.341
-1.337
-1.336
-1.336
-1.339
-1.342
-1.341
-1.341
-1.341
-1.337
-1.339
-1.341
-1.343
-1.345
-1.343
-1.347
-1.345
-1.339
-1.339
-1.331
-1.328
-1.337
-1.339
-1.341
-1.341
-1.341
-1.345
-1.346
-1.341
-1.341
-1.343
-1.342
-1.345
-1.345
-1.343
-1.339
-1.339
-1.339
-1.338
-1.339
-1.339
-1.341
-1.339
-1.337
-1.335
-1.335
-1.336
-1.338
-1.341
-1.341
-1.341
-1.342
-1.343
-1.345
-1.344
-1.345
-1.347
-1.345
-1.344
-1.341
-1.339
-1.339
-1.338
-1.335
-1.329
-1.326
-1.319
-1.315
-1.313
-1.31
-1.307
-1.301
-1.3
-1.3
-1.298
-1.298
-1.293
-1.288
-1.284
-1.28
-1.28
-1.28
-1.274
-1.27
-1.27
-1.267
-1.262
-1.264
-1.266
-1.265
-1.266
-1.262
-1.256
-1.252
-1.25
-1.25
-1.249
-1.246
-1.246
-1.246
-1.244
-1.236
-1.226
-1.218
-1.212
-1.214
-1.222
-1.231
-1.24
-1.245
-1.245
-1.252
-1.262
-1.272
-1.282
-1.288
-1.29
-1.29
-1.294
-1.298
-1.299
-1.298
-1.298
-1.303
-1.3
-1.298
-1.3
-1.298
-1.298
-1.3
-1.302
-1.305
-1.307
-1.308
-1.313
-1.321
-1.327
-1.337
-1.339
-1.339
-1.343
-1.347
-1.351
-1.353
-1.356
-1.357
-1.358
-1.359
-1.36
-1.361
-1.365
-1.365
-1.363
-1.363
-1.365
-1.365
-1.365
-1.365
-1.367
-1.371
-1.369
-1.367
-1.369
-1.369
-1.369
-1.367
-1.367
-1.365
-1.366
-1.367
-1.365
-1.363
-1.363
-1.361
-1.361
-1.361
-1.362
-1.364
-1.363
-1.361
-1.359
-1.361
-1.362
-1.361
-1.362
-1.363
-1.363
-1.367
-1.368
-1.371
-1.372
-1.367
-1.367
-1.367
-1.365
-1.367
-1.362
-1.358
-1.361
-1.361
-1.358
-1.353
-1.351
-1.35
-1.35
-1.351
-1.352
-1.351
-1.351
-1.353
-1.354
-1.352
-1.347
-1.349
-1.35
-1.35
-1.349
-1.345
-1.345
-1.345
-1.342
-1.342
-1.349
-1.353
-1.351
-1.349
-1.345
-1.345
-1.351
-1.347
-1.333
-1.329
-1.333
-1.329
-1.321
-1.317
-1.314
-1.31
-1.306
-1.302
-1.296
-1.292
-1.294
-1.295
-1.29
-1.284
-1.276
-1.265
-1.251
-1.238
-1.218
-1.199
-1.185
-1.16
-1.139
-1.121
-1.084
-1.038
-0.988
-0.936
-0.895
-0.877
-0.846
-0.796
-0.755
-0.75
-0.782
-0.79
-0.807
-0.857
-0.921
-1.012
-1.079
-1.12
-1.166
-1.204
-1.223
-1.237
-1.28
-1.292
-1.261
-1.249
-1.276
-1.312
-1.318
-1.321
-1.344
-1.371
-1.387
-1.41
-1.431
-1.443
-1.448
-1.448
-1.458
-1.466
-1.466
-1.459
-1.45
-1.449
-1.442
-1.428
-1.417
-1.406
-1.393
-1.386
-1.375
-1.365
-1.361
-1.356
-1.351
-1.344
-1.337
-1.326
-1.319
-1.316
-1.317
-1.317
-1.313
-1.312
-1.31
-1.31
-1.312
-1.312
-1.31
-1.306
-1.304
-1.31
-1.31
-1.31
-1.31
-1.311
-1.31
-1.31
-1.308
-1.306
-1.306
-1.302
-1.299
-1.302
-1.3
-1.296
-1.296
-1.295
-1.292
-1.294
-1.29
-1.29
-1.291
-1.29
-1.29
-1.292
-1.29
-1.289
-1.291
-1.286
-1.288
-1.29
-1.286
-1.288
-1.286
-1.29
-1.29
-1.288
-1.286
-1.285
-1.288
-1.288
-1.286
-1.288
-1.291
-1.29
-1.292
-1.294
-1.292
-1.294
-1.29
-1.286
-1.285
-1.286
-1.285
-1.282
-1.278
-1.276
-1.277
-1.275
-1.274
-1.277
-1.278
-1.277
-1.277
-1.272
-1.273
-1.276
-1.272
-1.271
-1.271
-1.268
-1.266
-1.268
-1.271
-1.267
-1.264
-1.267
-1.266
-1.263
-1.262
-1.262
-1.264
-1.262
-1.26
-1.26
-1.26
-1.26
-1.262
-1.262
-1.261
-1.261
-1.262
-1.258
-1.256
-1.259
-1.262
-1.26
-1.262
-1.26
-1.254
-1.254
-1.254
-1.251
-1.248
-1.249
-1.254
-1.252
-1.252
-1.252
-1.252
-1.251
-1.247
-1.246
-1.236
-1.23
-1.232
-1.232
-1.23
-1.228
-1.226
-1.222
-1.222
-1.223
-1.222
-1.22
-1.218
-1.22
-1.219
-1.214
-1.21
-1.209
-1.207
-1.208
-1.208
-1.209
-1.208
-1.204
-1.204
-1.204
-1.203
-1.199
-1.196
-1.197
-1.197
-1.196
-1.194
-1.194
-1.198
-1.194
-1.191
-1.192
-1.193
-1.194
-1.191
-1.186
-1.185
-1.183
-1.183
-1.183
-1.183
-1.181
-1.179
-1.178
-1.177
-1.179
-1.181
-1.18
-1.179
-1.181
-1.179
-1.179
-1.182
-1.181
-1.179
-1.177
-1.175
-1.177
-1.176
-1.171
-1.168
-1.169
-1.171
-1.166
-1.165
-1.167
-1.167
-1.167
-1.167
-1.169
-1.167
-1.159
-1.16
-1.163
-1.163
-1.165
-1.161
-1.159
-1.165
-1.165
-1.164
-1.166
-1.167
-1.168
-1.169
-1.174
-1.175
-1.177
-1.177
-1.177
-1.185
-1.188
-1.19
-1.192
-1.192
-1.194
-1.196
-1.202
-1.206
-1.211
-1.212
-1.214
-1.221
-1.227
-1.23
-1.23
-1.234
-1.236
-1.239
-1.242
-1.244
-1.245
-1.248
-1.25
-1.252
-1.257
-1.26
-1.267
-1.269
-1.258
-1.258
-1.268
-1.274
-1.276
-1.278
-1.282
-1.284
-1.283
-1.282
-1.286
-1.291
-1.29
-1.291
-1.292
-1.294
-1.298
-1.3
-1.298
-1.298
-1.3
-1.302
-1.301
-1.301
-1.298
-1.3
-1.298
-1.296
-1.299
-1.303
-1.306
-1.307
-1.303
-1.302
-1.302
-1.302
-1.302
-1.302
-1.302
-1.304
-1.306
-1.303
-1.302
-1.306
-1.305
-1.302
-1.304
-1.304
-1.308
-1.308
-1.307
-1.305
-1.306
-1.31
-1.308
-1.306
-1.306
-1.302
-1.302
-1.306
-1.304
-1.302
-1.304
-1.3
-1.3
-1.298
-1.294
-1.294
-1.294
-1.296
-1.297
-1.296
-1.298
-1.3
-1.303
-1.299
-1.296
-1.296
-1.294
-1.29
-1.291
-1.293
-1.294
-1.296
-1.298
-1.298
-1.3
-1.302
-1.298
-1.3
-1.3
-1.299
-1.303
-1.3
-1.294
-1.288
-1.288
-1.29
-1.292
-1.293
-1.294
-1.295
-1.293
-1.294
-1.296
-1.298
-1.302
-1.3
-1.301
-1.3
-1.299
-1.298
-1.296
-1.297
-1.301
-1.304
-1.308
-1.312
-1.313
-1.308
-1.31
-1.313
-1.31
-1.306
-1.306
-1.308
-1.304
-1.302
-1.301
-1.301
-1.302
-1.302
-1.301
-1.302
-1.302
-1.301
-1.304
-1.303
-1.3
-1.3
-1.3
-1.302
-1.305
-1.306
-1.306
-1.304
-1.302
-1.306
-1.304
-1.302
-1.304
-1.306
-1.308
-1.311
-1.312
-1.309
-1.308
-1.307
-1.31
-1.311
-1.31
-1.311
-1.31
-1.31
-1.31
-1.312
-1.31
-1.311
-1.314
-1.317
-1.317
-1.315
-1.314
-1.314
-1.317
-1.315
-1.315
-1.317
-1.317
-1.316
-1.316
-1.317
-1.319
-1.317
-1.313
-1.312
-1.317
-1.319
-1.317
-1.317
-1.317
-1.321
-1.323
-1.323
-1.323
-1.321
-1.321
-1.323
-1.325
-1.323
-1.322
-1.325
-1.329
-1.331
-1.329
-1.327
-1.33
-1.333
-1.33
-1.327
-1.327
-1.329
-1.329
-1.323
-1.323
-1.327
-1.329
-1.327
-1.323
-1.325
-1.328
-1.331
-1.327
-1.327
-1.327
-1.327
-1.328
-1.325
-1.321
-1.321
-1.322
-1.32
-1.321
-1.324
-1.323
-1.328
-1.327
-1.325
-1.332
-1.327
-1.327
-1.333
-1.329
-1.329
-1.332
-1.334
-1.333
-1.333
-1.335
-1.333
-1.334
-1.334
-1.333
-1.334
-1.332
-1.333
-1.331
-1.33
-1.331
-1.329
-1.331
-1.332
-1.331
-1.331
-1.33
-1.329
-1.331
-1.334
-1.333
-1.334
-1.335
-1.338
-1.337
-1.333
-1.329
-1.328
-1.321
-1.317
-1.321
-1.315
-1.31
-1.309
-1.308
-1.302
-1.297
-1.298
-1.298
-1.298
-1.294
-1.29
-1.292
-1.297
-1.294
-1.288
-1.279
-1.274
-1.27
-1.266
-1.265
-1.268
-1.271
-1.27
-1.268
-1.264
-1.266
-1.268
-1.268
-1.26
-1.25
-1.247
-1.246
-1.246
-1.244
-1.24
-1.242
-1.244
-1.246
-1.24
-1.229
-1.227
-1.224
-1.224
-1.23
-1.238
-1.246
-1.252
-1.256
-1.259
-1.265
-1.27
-1.277
-1.284
-1.294
-1.296
-1.296
-1.305
-1.306
-1.304
-1.307
-1.31
-1.315
-1.315
-1.313
-1.314
-1.317
-1.315
-1.316
-1.315
-1.315
-1.32
-1.323
-1.325
-1.333
-1.338
-1.339
-1.341
-1.347
-1.355
-1.362
-1.363
-1.365
-1.369
-1.372
-1.371
-1.371
-1.376
-1.376
-1.374
-1.375
-1.376
-1.374
-1.374
-1.375
-1.377
-1.381
-1.383
-1.378
-1.376
-1.379
-1.381
-1.383
-1.379
-1.379
-1.382
-1.385
-1.388
-1.387
-1.389
-1.389
-1.383
-1.383
-1.389
-1.393
-1.395
-1.395
-1.393
-1.391
-1.389
-1.39
-1.391
-1.39
-1.387
-1.385
-1.383
-1.381
-1.385
-1.387
-1.387
-1.385
-1.387
-1.387
-1.386
-1.387
-1.387
-1.387
-1.385
-1.387
-1.389
-1.385
-1.384
-1.387
-1.385
-1.385
-1.384
-1.381
-1.385
-1.385
-1.383
-1.381
-1.377
-1.375
-1.377
-1.376
-1.378
-1.383
-1.383
-1.379
-1.377
-1.379
-1.379
-1.379
-1.38
-1.383
-1.383
-1.383
-1.381
-1.377
-1.377
-1.375
-1.367
-1.361
-1.361
-1.359
-1.358
-1.353
-1.345
-1.333
-1.325
-1.326
-1.325
-1.325
-1.323
-1.317
-1.307
-1.296
-1.284
-1.259
-1.242
-1.222
-1.191
-1.173
-1.157
-1.127
-1.083
-1.032
-0.977
-0.938
-0.916
-0.88
-0.833
-0.789
-0.783
-0.815
-0.822
-0.842
-0.895
-0.967
-1.065
-1.143
-1.193
-1.24
-1.292
-1.319
-1.332
-1.372
-1.391
-1.371
-1.354
-1.369
-1.397
-1.408
-1.415
-1.433
-1.458
-1.47
-1.491
-1.511
-1.518
-1.524
-1.521
-1.53
-1.542
-1.538
-1.526
-1.516
-1.508
-1.499
-1.49
-1.484
-1.47
-1.456
-1.448
-1.438
-1.429
-1.427
-1.423
-1.417
-1.412
-1.407
-1.399
-1.393
-1.393
-1.388
-1.387
-1.389
-1.387
-1.386
-1.386
-1.384
-1.384
-1.383
-1.381
-1.383
-1.382
-1.381
-1.384
-1.38
-1.381
-1.382
-1.381
-1.383
-1.383
-1.383
-1.383
-1.381
-1.38
-1.377
-1.379
-1.381
-1.377
-1.373
-1.374
-1.375
-1.375
-1.373
-1.373
-1.375
-1.373
-1.372
-1.372
-1.368
-1.364
-1.366
-1.371
-1.372
-1.374
-1.373
-1.37
-1.371
-1.372
-1.371
-1.372
-1.375
-1.373
-1.372
-1.375
-1.377
-1.377
-1.375
-1.376
-1.377
-1.377
-1.377
-1.378
-1.381
-1.381
-1.379
-1.379
-1.379
-1.378
-1.379
-1.379
-1.374
-1.374
-1.373
-1.375
-1.377
-1.373
-1.373
-1.371
-1.369
-1.37
-1.371
-1.37
-1.371
-1.372
-1.371
-1.367
-1.367
-1.368
-1.367
-1.37
-1.368
-1.367
-1.369
-1.369
-1.367
-1.365
-1.366
-1.366
-1.367
-1.369
-1.366
-1.367
-1.369
-1.367
-1.366
-1.366
-1.365
-1.365
-1.369
-1.369
-1.366
-1.367
-1.368
-1.367
-1.365
-1.363
-1.361
-1.359
-1.357
-1.359
-1.356
-1.355
-1.355
-1.355
-1.357
-1.353
-1.349
-1.347
-1.345
-1.345
-1.347
-1.345
-1.343
-1.343
-1.341
-1.337
-1.339
-1.34
-1.338
-1.337
-1.339
-1.343
-1.341
-1.337
-1.329
-1.327
-1.329
-1.329
-1.328
-1.327
-1.326
-1.323
-1.322
-1.323
-1.323
-1.323
-1.321
-1.319
-1.319
-1.318
-1.315
-1.315
-1.317
-1.313
-1.313
-1.314
-1.316
-1.317
-1.316
-1.315
-1.315
-1.315
-1.315
-1.313
-1.313
-1.312
-1.313
-1.313
-1.31
-1.308
-1.308
-1.308
-1.306
-1.304
-1.302
-1.302
-1.304
-1.305
-1.304
-1.304
-1.305
-1.306
-1.306
-1.306
-1.307
-1.307
-1.306
-1.31
-1.312
-1.31
-1.31
-1.311
-1.308
-1.31
-1.312
-1.312
-1.315
-1.317
-1.317
-1.321
-1.326
-1.327
-1.325
-1.323
-1.325
-1.328
-1.332
-1.331
-1.333
-1.341
-1.345
-1.349
-1.353
-1.353
-1.356
-1.36
-1.363
-1.365
-1.366
-1.369
-1.375
-1.381
-1.38
-1.38
-1.383
-1.387
-1.391
-1.397
-1.398
-1.401
-1.405
-1.411
-1.411
-1.411
-1.417
-1.421
-1.421
-1.423
-1.427
-1.432
-1.435
-1.436
-1.441
-1.449
-1.451
-1.452
-1.457
-1.458
-1.46
-1.46
-1.46
-1.463
-1.466
-1.472
-1.474
-1.474
-1.476
-1.476
-1.478
-1.483
-1.485
-1.485
-1.488
-1.49
-1.489
-1.49
-1.492
-1.491
-1.492
-1.491
-1.49
-1.488
-1.489
-1.492
-1.49
-1.486
-1.489
-1.494
-1.497
-1.498
-1.5
-1.501
-1.5
-1.498
-1.5
-1.501
-1.5
-1.498
-1.495
-1.498
-1.5
-1.499
-1.494
-1.492
-1.496
-1.498
-1.5
-1.497
-1.497
-1.498
-1.501
-1.502
-1.5
-1.504
-1.504
-1.506
-1.508
-1.51
-1.512
-1.512
-1.512
-1.511
-1.51
-1.51
-1.51
-1.51
-1.508
-1.506
-1.507
-1.51
-1.509
-1.507
-1.51
-1.509
-1.51
-1.512
-1.512
-1.516
-1.516
-1.517
-1.52
-1.518
-1.518
-1.519
-1.517
-1.518
-1.518
-1.518
-1.521
-1.522
-1.522
-1.522
-1.522
-1.521
-1.523
-1.524
-1.526
-1.53
-1.531
-1.53
-1.529
-1.53
-1.536
-1.542
-1.54
-1.538
-1.541
-1.542
-1.544
-1.544
-1.543
-1.546
-1.548
-1.55
-1.551
-1.549
-1.547
-1.548
-1.55
-1.552
-1.552
-1.552
-1.55
-1.549
-1.55
-1.55
-1.55
-1.554
-1.556
-1.558
-1.558
-1.557
-1.56
-1.563
-1.563
-1.565
-1.567
-1.569
-1.571
-1.567
-1.569
-1.572
-1.574
-1.574
-1.576
-1.581
-1.582
-1.583
-1.581
-1.581
-1.581
-1.582
-1.584
-1.583
-1.583
-1.581
-1.581
-1.582
-1.583
-1.583
-1.581
-1.58
-1.581
-1.583
-1.587
-1.585
-1.584
-1.585
-1.589
-1.59
-1.591
-1.59
-1.588
-1.586
-1.586
-1.591
-1.591
-1.591
-1.594
-1.593
-1.592
-1.59
-1.589
-1.595
-1.599
-1.599
-1.598
-1.599
-1.599
-1.599
-1.597
-1.597
-1.601
-1.603
-1.603
-1.607
-1.607
-1.607
-1.608
-1.607
-1.607
-1.605
-1.608
-1.613
-1.615
-1.618
-1.619
-1.62
-1.622
-1.621
-1.621
-1.623
-1.621
-1.623
-1.624
-1.625
-1.626
-1.626
-1.628
-1.629
-1.631
-1.633
-1.635
-1.635
-1.635
-1.635
-1.635
-1.637
-1.639
-1.639
-1.64
-1.641
-1.642
-1.644
-1.644
-1.645
-1.649
-1.648
-1.649
-1.651
-1.653
-1.654
-1.654
-1.654
-1.655
-1.656
-1.656
-1.657
-1.661
-1.662
-1.661
-1.661
-1.664
-1.664
-1.665
-1.667
-1.663
-1.665
-1.666
-1.664
-1.661
-1.659
-1.661
-1.661
-1.661
-1.659
-1.655
-1.655
-1.654
-1.654
-1.655
-1.655
-1.653
-1.651
-1.651
-1.645
-1.639
-1.637
-1.636
-1.634
-1.631
-1.629
-1.632
-1.635
-1.633
-1.63
-1.624
-1.617
-1.614
-1.611
-1.61
-1.609
-1.607
-1.608
-1.607
-1.606
-1.607
-1.609
-1.607
-1.603
-1.598
-1.595
-1.597
-1.595
-1.593
-1.592
-1.593
-1.593
-1.591
-1.585
-1.574
-1.569
-1.563
-1.566
-1.577
-1.585
-1.593
-1.599
-1.603
-1.607
-1.613
-1.62
-1.627
-1.635
-1.643
-1.647
-1.648
-1.651
-1.655
-1.659
-1.659
-1.663
-1.663
-1.662
-1.663
-1.662
-1.663
-1.665
-1.665
-1.668
-1.67
-1.673
-1.677
-1.678
-1.685
-1.693
-1.698
-1.702
-1.708
-1.714
-1.721
-1.723
-1.726
-1.73
-1.736
-1.739
-1.738
-1.74
-1.74
-1.742
-1.74
-1.74
-1.742
-1.743
-1.744
-1.744
-1.746
-1.746
-1.748
-1.748
-1.748
-1.751
-1.752
-1.75
-1.751
-1.754
-1.754
-1.754
-1.754
-1.754
-1.755
-1.756
-1.758
-1.758
-1.76
-1.762
-1.762
-1.762
-1.762
-1.763
-1.764
-1.765
-1.764
-1.766
-1.768
-1.767
-1.768
-1.77
-1.77
-1.771
-1.77
-1.771
-1.77
-1.77
-1.77
-1.766
-1.764
-1.766
-1.768
-1.767
-1.766
-1.766
-1.767
-1.768
-1.768
-1.768
-1.77
-1.773
-1.772
-1.772
-1.773
-1.771
-1.768
-1.768
-1.769
-1.77
-1.771
-1.773
-1.77
-1.767
-1.767
-1.77
-1.77
-1.768
-1.77
-1.77
-1.771
-1.77
-1.766
-1.765
-1.763
-1.755
-1.75
-1.747
-1.739
-1.737
-1.73
-1.724
-1.718
-1.716
-1.718
-1.712
-1.704
-1.696
-1.695
-1.686
-1.671
-1.653
-1.627
-1.607
-1.587
-1.565
-1.548
-1.526
-1.481
-1.433
-1.391
-1.348
-1.319
-1.293
-1.25
-1.199
-1.171
-1.191
-1.206
-1.213
-1.254
-1.31
-1.389
-1.484
-1.546
-1.583
-1.626
-1.667
-1.689
-1.714
-1.76
-1.772
-1.745
-1.738
-1.769
-1.8
-1.813
-1.821
-1.843
-1.865
-1.877
-1.901
-1.911
-1.91
-1.911
-1.913
-1.922
-1.924
-1.915
-1.903
-1.899
-1.893
-1.883
-1.875
-1.867
-1.855
-1.841
-1.834
-1.827
-1.819
-1.815
-1.81
-1.801
-1.794
-1.789
-1.784
-1.782
-1.78
-1.78
-1.781
-1.781
-1.782
-1.784
-1.783
-1.782
-1.782
-1.784
-1.785
-1.787
-1.79
-1.79
-1.787
-1.788
-1.79
-1.792
-1.793
-1.791
-1.79
-1.788
-1.787
-1.784
-1.784
-1.788
-1.789
-1.79
-1.79
-1.786
-1.782
-1.784
-1.783
-1.782
-1.784
-1.786
-1.789
-1.79
-1.79
-1.789
-1.792
-1.794
-1.794
-1.792
-1.792
-1.791
-1.792
-1.794
-1.794
-1.794
-1.796
-1.796
-1.794
-1.793
-1.793
-1.792
-1.79
-1.789
-1.789
-1.789
-1.788
-1.788
-1.786
-1.788
-1.79
-1.79
-1.79
-1.79
-1.792
-1.79
-1.791
-1.793
-1.793
-1.793
-1.793
-1.792
-1.792
-1.794
-1.791
-1.793
-1.794
-1.794
-1.793
-1.793
-1.792
-1.79
-1.79
-1.79
-1.79
-1.792
-1.792
-1.792
-1.792
-1.792
-1.792
-1.792
-1.79
-1.792
-1.792
-1.792
-1.794
-1.792
-1.793
-1.791
-1.788
-1.786
-1.784
-1.783
-1.781
-1.78
-1.782
-1.782
-1.782
-1.781
-1.782
-1.782
-1.782
-1.782
-1.781
-1.78
-1.78
-1.778
-1.778
-1.778
-1.777
-1.777
-1.778
-1.777
-1.777
-1.776
-1.773
-1.772
-1.773
-1.772
-1.772
-1.769
-1.768
-1.77
-1.771
-1.77
-1.768
-1.766
-1.766
-1.766
-1.764
-1.764
-1.763
-1.762
-1.762
-1.762
-1.76
-1.761
-1.761
-1.76
-1.759
-1.758
-1.756
-1.755
-1.753
-1.752
-1.751
