-1.752
-1.752
-1.75
-1.75
-1.747
-1.747
-1.749
-1.749
-1.748
-1.746
-1.743
-1.74
-1.74
-1.739
-1.739
-1.739
-1.739
-1.742
-1.74
-1.74
-1.74
-1.738
-1.74
-1.74
-1.74
-1.742
-1.74
-1.739
-1.74
-1.739
-1.738
-1.738
-1.738
-1.736
-1.736
-1.736
-1.734
-1.734
-1.735
-1.735
-1.737
-1.738
-1.738
-1.738
-1.738
-1.74
-1.74
-1.74
-1.742
-1.743
-1.744
-1.744
-1.747
-1.75
-1.752
-1.754
-1.756
-1.759
-1.76
-1.762
-1.764
-1.768
-1.771
-1.774
-1.777
-1.778
-1.781
-1.785
-1.786
-1.789
-1.792
-1.796
-1.801
-1.806
-1.81
-1.813
-1.816
-1.819
-1.824
-1.827
-1.83
-1.832
-1.833
-1.838
-1.842
-1.844
-1.848
-1.853
-1.857
-1.861
-1.863
-1.865
-1.867
-1.869
-1.872
-1.875
-1.879
-1.883
-1.883
-1.884
-1.885
-1.886
-1.885
-1.887
-1.889
-1.889
-1.892
-1.893
-1.895
-1.894
-1.895
-1.897
-1.897
-1.898
-1.899
-1.899
-1.901
-1.901
-1.903
-1.905
-1.905
-1.903
-1.904
-1.905
-1.905
-1.905
-1.907
-1.907
-1.907
-1.905
-1.906
-1.905
-1.904
-1.907
-1.909
-1.909
-1.909
-1.907
-1.907
-1.907
-1.907
-1.905
-1.905
-1.905
-1.906
-1.908
-1.908
-1.909
-1.909
-1.908
-1.908
-1.909
-1.909
-1.905
-1.905
-1.905
-1.906
-1.909
-1.909
-1.909
-1.909
-1.911
-1.912
-1.913
-1.914
-1.915
-1.915
-1.917
-1.913
-1.911
-1.913
-1.913
-1.913
-1.913
-1.912
-1.911
-1.911
-1.913
-1.914
-1.916
-1.917
-1.917
-1.916
-1.917
-1.918
-1.919
-1.919
-1.919
-1.919
-1.92
-1.923
-1.925
-1.927
-1.925
-1.922
-1.925
-1.925
-1.928
-1.93
-1.929
-1.928
-1.93
-1.93
-1.929
-1.931
-1.931
-1.933
-1.933
-1.932
-1.933
-1.936
-1.936
-1.937
-1.938
-1.94
-1.942
-1.944
-1.944
-1.944
-1.944
-1.944
-1.944
-1.945
-1.946
-1.946
-1.947
-1.947
-1.946
-1.948
-1.947
-1.946
-1.946
-1.948
-1.947
-1.946
-1.95
-1.952
-1.953
-1.955
-1.952
-1.95
-1.952
-1.954
-1.952
-1.953
-1.954
-1.953
-1.955
-1.956
-1.955
-1.956
-1.956
-1.956
-1.954
-1.954
-1.956
-1.958
-1.958
-1.96
-1.96
-1.96
-1.96
-1.96
-1.96
-1.96
-1.96
-1.96
-1.96
-1.962
-1.964
-1.967
-1.968
-1.966
-1.968
-1.97
-1.972
-1.972
-1.97
-1.968
-1.966
-1.965
-1.964
-1.964
-1.962
-1.962
-1.964
-1.966
-1.965
-1.965
-1.966
-1.965
-1.965
-1.966
-1.966
-1.966
-1.965
-1.965
-1.964
-1.964
-1.968
-1.968
-1.969
-1.97
-1.972
-1.97
-1.97
-1.971
-1.972
-1.973
-1.972
-1.974
-1.976
-1.976
-1.974
-1.97
-1.971
-1.974
-1.974
-1.974
-1.974
-1.974
-1.973
-1.972
-1.972
-1.972
-1.972
-1.973
-1.972
-1.968
-1.968
-1.97
-1.971
-1.97
-1.97
-1.972
-1.972
-1.972
-1.974
-1.972
-1.969
-1.968
-1.968
-1.968
-1.968
-1.968
-1.967
-1.968
-1.968
-1.968
-1.969
-1.97
-1.972
-1.972
-1.972
-1.971
-1.97
-1.971
-1.971
-1.972
-1.973
-1.974
-1.976
-1.976
-1.975
-1.974
-1.975
-1.974
-1.972
-1.972
-1.972
-1.972
-1.974
-1.976
-1.976
-1.976
-1.976
-1.975
-1.977
-1.977
-1.974
-1.972
-1.972
-1.972
-1.971
-1.97
-1.968
-1.968
-1.966
-1.962
-1.962
-1.961
-1.96
-1.957
-1.956
-1.953
-1.95
-1.95
-1.948
-1.946
-1.942
-1.938
-1.938
-1.936
-1.934
-1.93
-1.925
-1.923
-1.92
-1.914
-1.912
-1.914
-1.912
-1.907
-1.903
-1.903
-1.905
-1.905
-1.901
-1.895
-1.895
-1.895
-1.895
-1.895
-1.893
-1.891
-1.894
-1.895
-1.889
-1.877
-1.871
-1.866
-1.862
-1.867
-1.877
-1.885
-1.889
-1.893
-1.9
-1.907
-1.915
-1.92
-1.925
-1.932
-1.935
-1.933
-1.935
-1.938
-1.938
-1.94
-1.942
-1.946
-1.946
-1.947
-1.946
-1.946
-1.95
-1.95
-1.949
-1.948
-1.95
-1.952
-1.954
-1.959
-1.967
-1.975
-1.98
-1.986
-1.99
-1.994
-1.999
-2.002
-2.004
-2.01
-2.015
-2.015
-2.015
-2.015
-2.014
-2.015
-2.018
-2.018
-2.021
-2.021
-2.018
-2.018
-2.02
-2.023
-2.027
-2.027
-2.025
-2.025
-2.024
-2.023
-2.025
-2.024
-2.025
-2.024
-2.022
-2.021
-2.02
-2.021
-2.02
-2.021
-2.022
-2.022
-2.022
-2.023
-2.025
-2.024
-2.023
-2.023
-2.023
-2.022
-2.021
-2.022
-2.022
-2.022
-2.022
-2.021
-2.025
-2.026
-2.026
-2.025
-2.022
-2.023
-2.022
-2.022
-2.019
-2.019
-2.021
-2.022
-2.023
-2.022
-2.021
-2.022
-2.021
-2.018
-2.017
-2.015
-2.015
-2.016
-2.014
-2.014
-2.011
-2.009
-2.011
-2.01
-2.01
-2.01
-2.01
-2.011
-2.01
-2.01
-2.011
-2.014
-2.011
-2.007
-2.005
-2.003
-1.998
-1.992
-1.988
-1.98
-1.976
-1.97
-1.964
-1.955
-1.951
-1.95
-1.946
-1.946
-1.939
-1.931
-1.923
-1.908
-1.894
-1.869
-1.847
-1.831
-1.81
-1.79
-1.774
-1.745
-1.698
-1.65
-1.609
-1.571
-1.546
-1.514
-1.471
-1.426
-1.413
-1.433
-1.44
-1.46
-1.502
-1.558
-1.643
-1.722
-1.764
-1.797
-1.839
-1.871
-1.889
-1.924
-1.954
-1.945
-1.927
-1.946
-1.988
-2.012
-2.023
-2.037
-2.063
-2.078
-2.091
-2.108
-2.111
-2.111
-2.112
-2.115
-2.12
-2.119
-2.107
-2.1
-2.095
-2.09
-2.086
-2.076
-2.07
-2.059
-2.047
-2.042
-2.036
-2.03
-2.023
-2.012
-2.003
-1.996
-1.992
-1.99
-1.99
-1.99
-1.988
-1.988
-1.986
-1.984
-1.984
-1.984
-1.984
-1.984
-1.986
-1.986
-1.983
-1.983
-1.984
-1.984
-1.984
-1.983
-1.984
-1.984
-1.986
-1.984
-1.984
-1.983
-1.98
-1.98
-1.982
-1.982
-1.982
-1.982
-1.98
-1.98
-1.98
-1.982
-1.982
-1.982
-1.982
-1.982
-1.984
-1.982
-1.984
-1.986
-1.986
-1.984
-1.986
-1.987
-1.986
-1.986
-1.984
-1.984
-1.984
-1.982
-1.98
-1.98
-1.98
-1.98
-1.98
-1.978
-1.978
-1.978
-1.978
-1.976
-1.976
-1.974
-1.972
-1.974
-1.974
-1.974
-1.973
-1.974
-1.974
-1.971
-1.969
-1.969
-1.968
-1.968
-1.968
-1.966
-1.966
-1.966
-1.968
-1.969
-1.968
-1.968
-1.969
-1.966
-1.966
-1.964
-1.959
-1.958
-1.958
-1.957
-1.958
-1.958
-1.956
-1.958
-1.958
-1.958
-1.956
-1.955
-1.957
-1.955
-1.952
-1.952
-1.954
-1.952
-1.952
-1.953
-1.95
-1.948
-1.946
-1.944
-1.942
-1.94
-1.94
-1.941
-1.938
-1.935
-1.935
-1.935
-1.935
-1.933
-1.933
-1.931
-1.929
-1.927
-1.928
-1.928
-1.927
-1.928
-1.927
-1.926
-1.925
-1.923
-1.923
-1.921
-1.921
-1.921
-1.919
-1.918
-1.917
-1.916
-1.915
-1.914
-1.912
-1.909
-1.906
-1.905
-1.903
-1.903
-1.903
-1.903
-1.902
-1.901
-1.897
-1.895
-1.897
-1.897
-1.897
-1.896
-1.894
-1.892
-1.889
-1.889
-1.889
-1.89
-1.888
-1.888
-1.887
-1.883
-1.882
-1.882
-1.88
-1.874
-1.871
-1.871
-1.871
-1.873
-1.873
-1.871
-1.871
-1.871
-1.868
-1.867
-1.868
-1.87
-1.869
-1.868
-1.868
-1.867
-1.865
-1.865
-1.864
-1.863
-1.863
-1.863
-1.862
-1.861
-1.861
-1.861
-1.859
-1.857
-1.856
-1.856
-1.858
-1.857
-1.857
-1.857
-1.857
-1.855
-1.855
-1.857
-1.856
-1.857
-1.859
-1.861
-1.864
-1.863
-1.865
-1.867
-1.869
-1.871
-1.873
-1.874
-1.877
-1.879
-1.881
-1.883
-1.885
-1.889
-1.893
-1.895
-1.897
-1.901
-1.904
-1.906
-1.907
-1.911
-1.915
-1.917
-1.92
-1.924
-1.925
-1.927
-1.927
-1.929
-1.934
-1.938
-1.942
-1.942
-1.944
-1.946
-1.951
-1.954
-1.959
-1.962
-1.964
-1.967
-1.971
-1.974
-1.974
-1.976
-1.98
-1.98
-1.978
-1.978
-1.98
-1.98
-1.982
-1.98
-1.979
-1.98
-1.983
-1.983
-1.983
-1.985
-1.986
-1.985
-1.986
-1.983
-1.982
-1.984
-1.984
-1.984
-1.985
-1.984
-1.985
-1.986
-1.988
-1.987
-1.985
-1.984
-1.982
-1.982
-1.984
-1.986
-1.984
-1.984
-1.987
-1.988
-1.989
-1.988
-1.986
-1.987
-1.986
-1.986
-1.987
-1.988
-1.988
-1.988
-1.987
-1.986
-1.986
-1.987
-1.988
-1.99
-1.989
-1.987
-1.986
-1.986
-1.986
-1.985
-1.986
-1.986
-1.986
-1.986
-1.982
-1.98
-1.98
-1.983
-1.982
-1.98
-1.98
-1.981
-1.982
-1.984
-1.985
-1.984
-1.983
-1.984
-1.984
-1.983
-1.981
-1.98
-1.982
-1.982
-1.982
-1.98
-1.98
-1.981
-1.98
-1.98
-1.98
-1.982
-1.982
-1.98
-1.98
-1.977
-1.978
-1.978
-1.976
-1.978
-1.979
-1.978
-1.978
-1.98
-1.978
-1.979
-1.98
-1.978
-1.976
-1.977
-1.977
-1.978
-1.978
-1.978
-1.978
-1.978
-1.979
-1.98
-1.98
-1.978
-1.978
-1.98
-1.98
-1.978
-1.978
-1.98
-1.981
-1.982
-1.981
-1.98
-1.98
-1.98
-1.98
-1.982
-1.982
-1.981
-1.98
-1.979
-1.979
-1.98
-1.979
-1.978
-1.978
-1.977
-1.976
-1.976
-1.976
-1.976
-1.977
-1.977
-1.976
-1.978
-1.976
-1.973
-1.975
-1.978
-1.98
-1.98
-1.978
-1.978
-1.98
-1.976
-1.972
-1.972
-1.972
-1.97
-1.97
-1.97
-1.968
-1.972
-1.976
-1.977
-1.974
-1.974
-1.975
-1.976
-1.975
-1.974
-1.974
-1.974
-1.974
-1.972
-1.972
-1.972
-1.971
-1.972
-1.976
-1.976
-1.976
-1.978
-1.978
-1.976
-1.976
-1.976
-1.976
-1.976
-1.976
-1.976
-1.979
-1.98
-1.98
-1.98
-1.978
-1.977
-1.978
-1.978
-1.98
-1.978
-1.978
-1.978
-1.977
-1.98
-1.98
-1.98
-1.978
-1.976
-1.978
-1.978
-1.978
-1.978
-1.98
-1.982
-1.981
-1.978
-1.976
-1.976
-1.977
-1.976
-1.974
-1.974
-1.976
-1.976
-1.977
-1.976
-1.976
-1.976
-1.976
-1.976
-1.975
-1.974
-1.974
-1.975
-1.972
-1.972
-1.972
-1.972
-1.972
-1.972
-1.972
-1.968
-1.966
-1.967
-1.967
-1.968
-1.969
-1.971
-1.973
-1.973
-1.974
-1.975
-1.976
-1.973
-1.972
-1.97
-1.968
-1.968
-1.969
-1.969
-1.968
-1.969
-1.968
-1.966
-1.962
-1.958
-1.957
-1.956
-1.958
-1.956
-1.952
-1.95
-1.947
-1.942
-1.936
-1.933
-1.929
-1.925
-1.925
-1.925
-1.925
-1.927
-1.926
-1.921
-1.919
-1.913
-1.905
-1.899
-1.896
-1.897
-1.896
-1.897
-1.897
-1.89
-1.886
-1.887
-1.887
-1.883
-1.879
-1.877
-1.877
-1.877
-1.877
-1.876
-1.876
-1.877
-1.875
-1.867
-1.855
-1.849
-1.841
-1.837
-1.843
-1.851
-1.861
-1.867
-1.871
-1.875
-1.88
-1.889
-1.895
-1.901
-1.909
-1.914
-1.913
-1.917
-1.919
-1.921
-1.923
-1.926
-1.931
-1.931
-1.93
-1.929
-1.927
-1.927
-1.929
-1.933
-1.934
-1.935
-1.94
-1.944
-1.946
-1.952
-1.958
-1.962
-1.964
-1.966
-1.972
-1.974
-1.974
-1.976
-1.979
-1.982
-1.984
-1.986
-1.985
-1.982
-1.982
-1.98
-1.982
-1.983
-1.984
-1.984
-1.984
-1.984
-1.986
-1.986
-1.984
-1.986
-1.986
-1.986
-1.986
-1.986
-1.987
-1.984
-1.982
-1.982
-1.984
-1.988
-1.986
-1.982
-1.984
-1.982
-1.978
-1.974
-1.972
-1.972
-1.972
-1.971
-1.972
-1.972
-1.972
-1.972
-1.971
-1.969
-1.968
-1.968
-1.968
-1.966
-1.964
-1.964
-1.964
-1.966
-1.965
-1.962
-1.96
-1.958
-1.958
-1.958
-1.957
-1.958
-1.954
-1.952
-1.954
-1.954
-1.955
-1.953
-1.952
-1.952
-1.95
-1.95
-1.95
-1.947
-1.948
-1.948
-1.946
-1.946
-1.946
-1.944
-1.946
-1.944
-1.944
-1.944
-1.946
-1.944
-1.938
-1.934
-1.932
-1.927
-1.922
-1.918
-1.913
-1.909
-1.902
-1.893
-1.884
-1.882
-1.885
-1.885
-1.881
-1.867
-1.861
-1.855
-1.843
-1.827
-1.802
-1.782
-1.766
-1.744
-1.729
-1.71
-1.671
-1.623
-1.577
-1.533
-1.502
-1.48
-1.44
-1.392
-1.352
-1.357
-1.379
-1.379
-1.409
-1.455
-1.522
-1.607
-1.665
-1.699
-1.736
-1.768
-1.785
-1.81
-1.847
-1.855
-1.831
-1.829
-1.867
-1.9
-1.912
-1.922
-1.948
-1.971
-1.984
-2.007
-2.026
-2.03
-2.03
-2.032
-2.043
-2.051
-2.045
-2.035
-2.03
-2.022
-2.017
-2.006
-1.996
-1.987
-1.976
-1.966
-1.956
-1.947
-1.942
-1.937
-1.929
-1.923
-1.915
-1.907
-1.904
-1.901
-1.899
-1.899
-1.896
-1.893
-1.893
-1.893
-1.893
-1.891
-1.891
-1.89
-1.889
-1.889
-1.889
-1.889
-1.887
-1.887
-1.889
-1.885
-1.883
-1.881
-1.878
-1.877
-1.877
-1.877
-1.875
-1.874
-1.873
-1.873
-1.873
-1.874
-1.877
-1.875
-1.869
-1.865
-1.865
-1.861
-1.863
-1.864
-1.863
-1.865
-1.867
-1.869
-1.867
-1.863
-1.861
-1.863
-1.861
-1.859
-1.859
-1.861
-1.863
-1.863
-1.863
-1.863
-1.86
-1.859
-1.861
-1.86
-1.857
-1.852
-1.853
-1.856
-1.854
-1.849
-1.849
-1.847
-1.847
-1.847
-1.847
-1.847
-1.845
-1.843
-1.842
-1.839
-1.838
-1.838
-1.838
-1.839
-1.837
-1.836
-1.836
-1.836
-1.835
-1.835
-1.833
-1.831
-1.83
-1.83
-1.831
-1.829
-1.83
-1.829
-1.83
-1.831
-1.827
-1.827
-1.825
-1.822
-1.823
-1.821
-1.819
-1.817
-1.817
-1.815
-1.813
-1.813
-1.811
-1.809
-1.807
-1.806
-1.804
-1.804
-1.806
-1.808
-1.806
-1.806
-1.804
-1.804
-1.802
-1.802
-1.801
-1.798
-1.796
-1.794
-1.794
-1.796
-1.795
-1.795
-1.794
-1.793
-1.791
-1.788
-1.788
-1.786
-1.786
-1.787
-1.787
-1.786
-1.784
-1.782
-1.78
-1.777
-1.772
-1.772
-1.772
-1.767
-1.766
-1.768
-1.762
-1.76
-1.76
-1.756
-1.756
-1.752
-1.748
-1.75
-1.748
-1.745
-1.744
-1.744
-1.744
-1.741
-1.737
-1.734
-1.734
-1.734
-1.734
-1.734
-1.734
-1.734
-1.732
-1.731
-1.73
-1.728
-1.729
-1.73
-1.729
-1.727
-1.726
-1.727
-1.724
-1.722
-1.723
-1.724
-1.722
-1.72
-1.721
-1.718
-1.718
-1.717
-1.716
-1.714
-1.712
-1.711
-1.71
-1.708
-1.707
-1.704
-1.705
-1.706
-1.706
-1.705
-1.701
-1.698
-1.696
-1.696
-1.696
-1.696
-1.696
-1.696
-1.7
-1.704
-1.704
-1.704
-1.703
-1.699
-1.7
-1.702
-1.698
-1.702
-1.707
-1.704
-1.713
-1.718
-1.716
-1.718
-1.718
-1.72
-1.72
-1.723
-1.726
-1.728
-1.733
-1.738
-1.74
-1.742
-1.747
-1.75
-1.748
-1.752
-1.755
-1.758
-1.758
-1.76
-1.766
-1.768
-1.772
-1.774
-1.774
-1.773
-1.772
-1.775
-1.782
-1.783
-1.784
-1.788
-1.789
-1.788
-1.79
-1.796
-1.798
-1.797
-1.798
-1.798
-1.798
-1.8
-1.8
-1.802
-1.804
-1.802
-1.802
-1.802
-1.802
-1.802
-1.803
-1.803
-1.8
-1.799
-1.802
-1.802
-1.8
-1.802
-1.802
-1.803
-1.802
-1.802
-1.804
-1.804
-1.803
-1.801
-1.8
-1.8
-1.799
-1.798
-1.798
-1.798
-1.802
-1.804
-1.802
-1.8
-1.8
-1.801
-1.798
-1.797
-1.796
-1.796
-1.798
-1.798
-1.8
-1.798
-1.796
-1.794
-1.793
-1.798
-1.798
-1.798
-1.796
-1.794
-1.794
-1.794
-1.794
-1.789
-1.784
-1.786
-1.786
-1.785
-1.786
-1.786
-1.786
-1.784
-1.782
-1.781
-1.782
-1.783
-1.786
-1.788
-1.784
-1.783
-1.784
-1.783
-1.785
-1.788
-1.786
-1.784
-1.784
-1.784
-1.784
-1.786
-1.786
-1.785
-1.784
-1.786
-1.786
-1.786
-1.786
-1.786
-1.788
-1.788
-1.786
-1.784
-1.784
-1.783
-1.781
-1.781
-1.782
-1.784
-1.784
-1.781
-1.78
-1.78
-1.782
-1.782
-1.78
-1.78
-1.782
-1.786
-1.785
-1.784
-1.789
-1.789
-1.789
-1.786
-1.781
-1.784
-1.787
-1.785
-1.786
-1.787
-1.787
-1.79
-1.792
-1.792
-1.789
-1.788
-1.79
-1.79
-1.792
-1.791
-1.79
-1.791
-1.79
-1.791
-1.79
-1.79
-1.788
-1.788
-1.788
-1.788
-1.791
-1.79
-1.79
-1.79
-1.79
-1.79
-1.79
-1.79
-1.793
-1.792
-1.791
-1.792
-1.788
-1.786
-1.784
-1.784
-1.786
-1.788
-1.788
-1.789
-1.788
-1.787
-1.788
-1.788
-1.789
-1.788
-1.788
-1.786
-1.787
-1.792
-1.79
-1.788
-1.785
-1.782
-1.78
-1.778
-1.778
-1.78
-1.776
-1.776
-1.78
-1.778
-1.777
-1.776
-1.776
-1.774
-1.773
-1.775
-1.777
-1.778
-1.778
-1.776
-1.776
-1.778
-1.781
-1.782
-1.782
-1.784
-1.784
-1.783
-1.778
-1.776
-1.778
-1.78
-1.778
-1.776
-1.776
-1.776
-1.778
-1.778
-1.776
-1.776
-1.78
-1.782
-1.78
-1.782
-1.78
-1.78
-1.777
-1.778
-1.78
-1.778
-1.778
-1.774
-1.77
-1.768
-1.772
-1.775
-1.775
-1.774
-1.772
-1.771
-1.769
-1.77
-1.77
-1.772
-1.773
-1.772
-1.769
-1.768
-1.767
-1.767
-1.769
-1.77
-1.769
-1.768
-1.766
-1.764
-1.764
-1.763
-1.76
-1.759
-1.752
-1.752
-1.755
-1.757
-1.76
-1.758
-1.758
-1.758
-1.757
-1.754
-1.751
-1.75
-1.747
-1.746
-1.746
-1.742
-1.741
-1.737
-1.734
-1.735
-1.734
-1.732
-1.728
-1.726
-1.719
-1.718
-1.72
-1.718
-1.718
-1.713
-1.708
-1.704
-1.7
-1.695
-1.69
-1.689
-1.688
-1.685
-1.681
-1.681
-1.681
-1.679
-1.675
-1.667
-1.661
-1.663
-1.663
-1.659
-1.657
-1.656
-1.658
-1.657
-1.654
-1.645
-1.635
-1.625
-1.617
-1.62
-1.627
-1.635
-1.645
-1.652
-1.659
-1.665
-1.669
-1.673
-1.677
-1.683
-1.688
-1.691
-1.691
-1.695
-1.696
-1.692
-1.696
-1.702
-1.703
-1.704
-1.704
-1.701
-1.704
-1.708
-1.707
-1.708
-1.709
-1.708
-1.712
-1.719
-1.728
-1.732
-1.734
-1.739
-1.74
-1.744
-1.747
-1.748
-1.752
-1.756
-1.759
-1.76
-1.76
-1.761
-1.758
-1.754
-1.755
-1.754
-1.756
-1.753
-1.752
-1.754
-1.752
-1.754
-1.758
-1.756
-1.752
-1.754
-1.756
-1.756
-1.756
-1.754
-1.753
-1.754
-1.755
-1.754
-1.756
-1.758
-1.758
-1.756
-1.757
-1.758
-1.758
-1.756
-1.756
-1.752
-1.752
-1.753
-1.748
-1.746
-1.744
-1.742
-1.746
-1.744
-1.742
-1.745
-1.744
-1.742
-1.742
-1.741
-1.74
-1.741
-1.739
-1.738
-1.736
-1.734
-1.734
-1.734
-1.734
-1.734
-1.731
-1.729
-1.73
-1.729
-1.73
-1.731
-1.733
-1.729
-1.724
-1.726
-1.724
-1.723
-1.723
-1.72
-1.72
-1.718
-1.716
-1.716
-1.717
-1.714
-1.716
-1.72
-1.716
-1.716
-1.714
-1.71
-1.71
-1.705
-1.696
-1.692
-1.685
-1.683
-1.678
-1.667
-1.662
-1.659
-1.66
-1.659
-1.663
-1.656
-1.643
-1.633
-1.619
-1.603
-1.583
-1.565
-1.55
-1.524
-1.505
-1.488
-1.45
-1.404
-1.353
-1.3
-1.262
-1.239
-1.202
-1.155
-1.116
-1.109
-1.135
-1.137
-1.153
-1.202
-1.266
-1.355
-1.422
-1.462
-1.506
-1.548
-1.566
-1.581
-1.625
-1.636
-1.607
-1.601
-1.634
-1.665
-1.669
-1.677
-1.702
-1.724
-1.735
-1.762
-1.784
-1.798
-1.802
-1.8
-1.811
-1.821
-1.817
-1.808
-1.797
-1.79
-1.782
-1.772
-1.765
-1.752
-1.737
-1.728
-1.719
-1.71
-1.702
-1.696
-1.689
-1.685
-1.674
-1.661
-1.657
-1.655
-1.654
-1.653
-1.653
-1.649
-1.647
-1.647
-1.647
-1.647
-1.649
-1.648
-1.649
-1.648
-1.646
-1.647
-1.646
-1.643
-1.642
-1.641
-1.641
-1.643
-1.643
-1.643
-1.641
-1.639
-1.637
-1.638
-1.639
-1.635
-1.632
-1.63
-1.63
-1.633
-1.629
-1.627
-1.629
-1.629
-1.625
-1.626
-1.629
-1.63
-1.629
-1.629
-1.631
-1.627
-1.621
-1.62
-1.621
-1.623
-1.622
-1.623
-1.621
-1.618
-1.617
-1.609
-1.607
-1.611
-1.614
-1.613
-1.611
-1.607
-1.603
-1.604
-1.607
-1.609
-1.607
-1.605
-1.604
-1.604
-1.605
-1.606
-1.607
-1.603
-1.599
-1.599
-1.597
-1.598
-1.597
-1.595
-1.591
-1.59
-1.593
-1.593
-1.591
-1.592
-1.593
-1.593
-1.591
-1.589
-1.59
-1.589
-1.591
-1.589
-1.587
-1.585
-1.584
-1.583
-1.579
-1.578
-1.579
-1.58
-1.578
-1.578
-1.577
-1.574
-1.571
-1.57
-1.572
-1.57
-1.569
-1.569
-1.568
-1.564
-1.556
-1.556
-1.556
-1.555
-1.555
-1.55
-1.546
-1.546
-1.546
-1.544
-1.543
-1.544
-1.542
-1.538
-1.538
-1.535
-1.532
-1.532
-1.528
-1.527
-1.529
-1.53
-1.532
-1.532
-1.527
-1.524
-1.522
-1.523
-1.522
-1.521
-1.518
-1.518
-1.518
-1.514
-1.514
-1.514
-1.51
-1.506
-1.505
-1.5
-1.496
-1.496
-1.494
-1.492
-1.496
-1.499
-1.497
-1.494
-1.492
-1.491
-1.494
-1.495
-1.489
-1.486
-1.488
-1.488
-1.49
-1.49
-1.488
-1.488
-1.485
-1.484
-1.484
-1.478
-1.476
-1.472
-1.474
-1.477
-1.476
-1.474
-1.476
-1.477
-1.474
-1.472
-1.47
-1.47
-1.471
-1.472
-1.47
-1.468
-1.468
-1.462
-1.458
-1.457
-1.456
-1.452
-1.456
-1.456
-1.452
-1.453
-1.454
-1.452
-1.449
-1.448
-1.446
-1.448
-1.45
-1.45
-1.452
-1.452
-1.45
-1.454
-1.456
-1.458
-1.46
-1.462
-1.466
-1.468
-1.47
-1.474
-1.478
-1.476
-1.477
-1.48
-1.48
-1.485
-1.492
-1.494
-1.498
-1.504
-1.509
-1.508
-1.511
-1.514
-1.516
-1.518
-1.522
-1.528
-1.527
-1.528
-1.53
-1.53
-1.536
-1.54
-1.542
-1.544
-1.548
-1.55
-1.55
-1.552
-1.551
-1.55
-1.551
-1.555
-1.559
-1.56
-1.562
-1.567
-1.569
-1.568
-1.57
-1.569
-1.569
-1.571
-1.571
-1.573
-1.573
-1.574
-1.576
-1.577
-1.574
-1.571
-1.573
-1.573
-1.573
-1.577
-1.579
