0.234
0.234
0.235
0.238
0.237
0.233
0.231
0.231
0.23
0.231
0.232
0.231
0.23
0.231
0.229
0.231
0.234
0.236
0.234
0.234
0.234
0.233
0.234
0.233
0.233
0.233
0.233
0.234
0.234
0.235
0.234
0.233
0.232
0.234
0.234
0.232
0.234
0.232
0.232
0.23
0.23
0.231
0.233
0.234
0.232
0.234
0.234
0.232
0.233
0.234
0.236
0.237
0.237
0.238
0.239
0.239
0.239
0.243
0.243
0.241
0.242
0.243
0.242
0.239
0.239
0.24
0.239
0.238
0.239
0.238
0.236
0.238
0.24
0.24
0.242
0.243
0.242
0.243
0.244
0.244
0.244
0.244
0.244
0.245
0.246
0.247
0.246
0.247
0.25
0.248
0.246
0.244
0.246
0.247
0.245
0.246
0.245
0.244
0.245
0.245
0.242
0.24
0.243
0.244
0.244
0.247
0.245
0.241
0.243
0.243
0.241
0.241
0.24
0.241
0.238
0.236
0.237
0.239
0.239
0.238
0.24
0.243
0.247
0.247
0.247
0.249
0.25
0.253
0.256
0.257
0.26
0.265
0.268
0.268
0.27
0.274
0.279
0.286
0.287
0.281
0.28
0.28
0.28
0.28
0.281
0.282
0.282
0.278
0.278
0.28
0.283
0.288
0.291
0.291
0.293
0.296
0.299
0.302
0.306
0.309
0.31
0.313
0.316
0.316
0.319
0.322
0.328
0.336
0.346
0.35
0.344
0.342
0.34
0.335
0.332
0.326
0.322
0.319
0.319
0.316
0.313
0.313
0.314
0.31
0.304
0.301
0.3
0.298
0.291
0.282
0.277
0.271
0.269
0.267
0.263
0.258
0.253
0.251
0.25
0.249
0.249
0.246
0.243
0.242
0.238
0.233
0.227
0.22
0.213
0.208
0.204
0.203
0.205
0.205
0.202
0.203
0.203
0.204
0.205
0.206
0.209
0.209
0.212
0.213
0.207
0.204
0.206
0.206
0.203
0.202
0.202
0.203
0.202
0.201
0.202
0.203
0.202
0.199
0.2
0.2
0.2
0.201
0.201
0.201
0.2
0.199
0.198
0.198
0.198
0.199
0.202
0.204
0.205
0.202
0.2
0.2
0.2
0.198
0.196
0.197
0.197
0.195
0.193
0.192
0.194
0.194
0.192
0.192
0.193
0.192
0.191
0.191
0.193
0.193
0.192
0.193
0.191
0.192
0.192
0.194
0.196
0.195
0.193
0.194
0.194
0.194
0.196
0.195
0.195
0.193
0.192
0.19
0.188
0.184
0.181
0.182
0.184
0.188
0.189
0.188
0.189
0.195
0.203
0.213
0.228
0.245
0.272
0.3
0.327
0.357
0.386
0.42
0.463
0.5
0.529
0.568
0.611
0.64
0.68
0.724
0.762
0.792
0.813
0.835
0.849
0.857
0.838
0.797
0.743
0.67
0.589
0.514
0.44
0.359
0.283
0.223
0.172
0.119
0.077
0.048
0.033
0.018
0.009
-0.021
-0.07
-0.088
-0.097
-0.109
-0.12
-0.134
-0.141
-0.133
-0.117
-0.102
-0.085
-0.069
-0.052
-0.036
-0.021
-0.005
0.013
0.034
0.056
0.074
0.089
0.105
0.118
0.131
0.143
0.154
0.165
0.174
0.181
0.188
0.197
0.205
0.21
0.211
0.21
0.211
0.211
0.211
0.213
0.214
0.215
0.214
0.213
0.215
0.217
0.217
0.217
0.22
0.224
0.227
0.232
0.234
0.232
0.231
0.233
0.235
0.237
0.237
0.238
0.241
0.243
0.242
0.242
0.242
0.245
0.246
0.246
0.246
0.245
0.246
0.246
0.247
0.248
0.25
0.252
0.252
0.251
0.252
0.251
0.25
0.249
0.248
0.249
0.251
0.253
0.253
0.253
0.253
0.252
0.254
0.256
0.255
0.252
0.251
0.251
0.251
0.251
0.252
0.254
0.254
0.255
0.256
0.257
0.258
0.261
0.262
0.261
0.261
0.262
0.263
0.263
0.266
0.269
0.273
0.277
0.274
0.274
0.275
0.276
0.277
0.278
0.277
0.278
0.278
0.278
0.278
0.279
0.281
0.282
0.283
0.286
0.287
0.287
0.288
0.289
0.292
0.293
0.294
0.297
0.301
0.305
0.303
0.301
0.303
0.306
0.304
0.306
0.309
0.312
0.315
0.313
0.315
0.316
0.317
0.319
0.32
0.322
0.324
0.322
0.325
0.329
0.332
0.336
0.339
0.338
0.339
0.342
0.346
0.351
0.355
0.357
0.357
0.356
0.358
0.361
0.361
0.362
0.365
0.37
0.378
0.38
0.381
0.385
0.388
0.392
0.394
0.395
0.395
0.398
0.4
0.401
0.402
0.405
0.407
0.409
0.412
0.412
0.413
0.415
0.414
0.416
0.415
0.417
0.421
0.421
0.419
0.417
0.419
0.421
0.425
0.426
0.424
0.427
0.429
0.431
0.429
0.428
0.429
0.43
0.43
0.431
0.431
0.432
0.435
0.434
0.432
0.432
0.432
0.433
0.434
0.433
0.429
0.427
0.426
0.422
0.42
0.419
0.421
0.42
0.418
0.416
0.413
0.412
0.413
0.41
0.406
0.402
0.397
0.395
0.396
0.392
0.384
0.379
0.376
0.37
0.366
0.363
0.357
0.354
0.351
0.345
0.341
0.338
0.333
0.329
0.324
0.317
0.314
0.309
0.306
0.302
0.296
0.291
0.287
0.282
0.278
0.274
0.27
0.266
0.266
0.265
0.261
0.258
0.256
0.254
0.253
0.249
0.245
0.245
0.245
0.243
0.24
0.237
0.235
0.234
0.232
0.23
0.23
0.229
0.23
0.229
0.228
0.229
0.229
0.225
0.224
0.222
0.22
0.222
0.221
0.218
0.216
0.216
0.217
0.218
0.219
0.218
0.22
0.22
0.219
0.22
0.221
0.219
0.216
0.216
0.216
0.217
0.216
0.219
0.219
0.217
0.219
0.217
0.217
0.218
0.22
0.226
0.222
0.218
0.216
0.214
0.216
0.218
0.22
0.221
0.221
0.222
0.225
0.224
0.224
0.225
0.226
0.224
0.223
0.223
0.222
0.221
0.223
0.222
0.219
0.217
0.216
0.218
0.218
0.217
0.217
0.217
0.217
0.217
0.217
0.218
0.217
0.219
0.221
0.22
0.222
0.223
0.222
0.224
0.224
0.222
0.221
0.223
0.224
0.223
0.222
0.222
0.225
0.225
0.226
0.224
0.222
0.224
0.225
0.224
0.221
0.222
0.223
0.221
0.221
0.22
0.218
0.216
0.216
0.215
0.215
0.214
0.213
0.213
0.212
0.211
0.214
0.217
0.217
0.216
0.214
0.212
0.213
0.212
0.213
0.215
0.215
0.215
0.212
0.212
0.211
0.209
0.206
0.204
0.205
0.206
0.204
0.203
0.203
0.203
0.203
0.202
0.2
0.201
0.203
0.202
0.201
0.201
0.2
0.2
0.2
0.2
0.199
0.197
0.198
0.198
0.196
0.194
0.192
0.192
0.191
0.191
0.192
0.191
0.188
0.188
0.19
0.189
0.189
0.189
0.188
0.189
0.19
0.189
0.185
0.186
0.187
0.185
0.184
0.186
0.188
0.186
0.186
0.185
0.186
0.186
0.186
0.186
0.186
0.185
0.184
0.186
0.185
0.183
0.183
0.184
0.184
0.181
0.179
0.179
0.178
0.18
0.184
0.185
0.185
0.186
0.185
0.185
0.187
0.188
0.186
0.184
0.184
0.184
0.185
0.184
0.183
0.181
0.179
0.181
0.184
0.186
0.182
0.182
0.185
0.184
0.181
0.182
0.182
0.18
0.181
0.182
0.181
0.179
0.179
0.181
0.179
0.18
0.182
0.183
0.183
0.182
0.18
0.181
0.181
0.18
0.181
0.183
0.184
0.183
0.182
0.181
0.182
0.182
0.181
0.181
0.182
0.181
0.18
0.178
0.178
0.179
0.179
0.18
0.18
0.18
0.179
0.18
0.18
0.178
0.178
0.18
0.184
0.188
0.192
0.199
0.2
0.2
0.204
0.205
0.207
0.211
0.214
0.218
0.225
0.229
0.234
0.235
0.23
0.23
0.234
0.237
0.237
0.233
0.237
0.24
0.238
0.236
0.238
0.244
0.246
0.249
0.251
0.25
0.251
0.255
0.261
0.261
0.261
0.262
0.266
0.27
0.272
0.272
0.275
0.282
0.288
0.296
0.299
0.295
0.291
0.285
0.281
0.28
0.276
0.271
0.27
0.268
0.265
0.264
0.263
0.263
0.263
0.259
0.254
0.252
0.247
0.242
0.24
0.237
0.23
0.224
0.221
0.22
0.217
0.215
0.215
0.215
0.215
0.211
0.208
0.205
0.203
0.199
0.193
0.188
0.181
0.176
0.172
0.169
0.167
0.168
0.168
0.167
0.169
0.172
0.172
0.172
0.173
0.17
0.171
0.171
0.17
0.171
0.172
0.171
0.169
0.168
0.169
0.169
0.169
0.171
0.171
0.169
0.167
0.166
0.167
0.167
0.167
0.168
0.167
0.166
0.165
0.165
0.164
0.164
0.161
0.161
0.161
0.16
0.161
0.159
0.157
0.158
0.157
0.158
0.155
0.155
0.157
0.156
0.155
0.154
0.157
0.159
0.163
0.164
0.165
0.164
0.16
0.159
0.156
0.158
0.159
0.158
0.16
0.164
0.163
0.163
0.165
0.163
0.166
0.166
0.165
0.166
0.165
0.167
0.168
0.167
0.166
0.166
0.165
0.162
0.157
0.153
0.155
0.16
0.161
0.16
0.16
0.162
0.169
0.177
0.19
0.204
0.226
0.253
0.278
0.306
0.336
0.366
0.4
0.44
0.478
0.509
0.55
0.59
0.625
0.668
0.709
0.744
0.769
0.792
0.813
0.826
0.825
0.8
0.75
0.693
0.619
0.535
0.463
0.383
0.302
0.229
0.176
0.123
0.073
0.036
0.005
-0.006
-0.017
-0.035
-0.077
-0.116
-0.126
-0.138
-0.146
-0.16
-0.177
-0.176
-0.165
-0.152
-0.137
-0.118
-0.1
-0.081
-0.061
-0.044
-0.033
-0.018
0.003
0.025
0.045
0.059
0.07
0.081
0.096
0.11
0.118
0.127
0.136
0.142
0.147
0.152
0.156
0.164
0.172
0.177
0.179
0.179
0.182
0.182
0.183
0.185
0.189
0.191
0.191
0.19
0.19
0.192
0.191
0.191
0.194
0.198
0.2
0.2
0.199
0.198
0.2
0.201
0.203
0.204
0.205
0.204
0.203
0.206
0.207
0.205
0.206
0.206
0.207
0.209
0.21
0.211
0.21
0.209
0.21
0.211
0.213
0.213
0.212
0.214
0.216
0.213
0.215
0.214
0.213
0.215
0.22
0.221
0.219
0.222
0.223
0.225
0.225
0.221
0.222
0.224
0.222
0.222
0.226
0.227
0.227
0.225
0.226
0.23
0.227
0.223
0.227
0.228
0.227
0.229
0.232
0.233
0.233
0.23
0.232
0.236
0.236
0.237
0.237
0.238
0.242
0.244
0.242
0.242
0.245
0.244
0.245
0.247
0.25
0.253
0.253
0.254
0.254
0.255
0.256
0.258
0.259
0.261
0.263
0.264
0.264
0.264
0.267
0.271
0.273
0.272
0.271
0.274
0.275
0.277
0.284
0.289
0.287
0.285
0.289
0.293
0.295
0.296
0.301
0.306
0.307
0.308
0.307
0.309
0.314
0.315
0.319
0.322
0.324
0.329
0.331
0.333
0.335
0.336
0.339
0.342
0.344
0.35
0.351
0.347
0.349
0.352
0.355
0.359
0.361
0.361
0.362
0.367
0.369
0.373
0.376
0.377
0.38
0.382
0.381
0.381
0.387
0.393
0.394
0.394
0.395
0.397
0.399
0.401
0.402
0.399
0.399
0.399
0.401
0.404
0.403
0.405
0.404
0.406
0.404
0.404
0.406
0.407
0.408
0.407
0.407
0.409
0.409
0.409
0.409
0.408
0.406
0.408
0.41
0.409
0.407
0.409
0.407
0.406
0.406
0.405
0.405
0.404
0.403
0.399
0.399
0.402
0.397
0.393
0.393
0.388
0.382
0.379
0.376
0.371
0.365
0.359
0.355
0.352
0.349
0.345
0.341
0.335
0.329
0.323
0.318
0.315
0.31
0.303
0.3
0.298
0.29
0.286
0.283
0.277
0.272
0.271
0.269
0.264
0.257
0.251
0.246
0.239
0.234
0.231
0.229
0.228
0.226
0.23
0.228
0.222
0.218
0.214
0.213
0.211
0.21
0.212
0.21
0.206
0.206
0.205
0.206
0.207
0.209
0.207
0.206
0.203
0.2
0.202
0.2
0.198
0.198
0.198
0.195
0.192
0.194
0.197
0.197
0.196
0.197
0.198
0.196
0.195
0.192
0.191
0.195
0.195
0.194
0.192
0.191
0.194
0.193
0.193
0.194
0.193
0.191
0.193
0.194
0.192
0.192
0.193
0.195
0.195
0.192
0.192
0.193
0.192
0.195
0.194
0.192
0.195
0.197
0.193
0.193
0.196
0.199
0.199
0.195
0.195
0.194
0.191
0.19
0.19
0.192
0.195
0.195
0.192
0.192
0.19
0.19
0.189
0.189
0.189
0.189
0.19
0.19
0.188
0.19
0.188
0.189
0.189
0.185
0.19
0.188
0.185
0.185
0.182
0.185
0.187
0.185
0.185
0.184
0.185
0.184
0.181
0.18
0.182
0.182
0.181
0.18
0.178
0.181
0.181
0.182
0.182
0.181
0.183
0.183
0.18
0.181
0.181
0.179
0.178
0.177
0.18
0.184
0.186
0.182
0.176
0.176
0.177
0.172
0.172
0.177
0.174
0.173
0.172
0.167
0.166
0.168
0.169
0.17
0.169
0.167
0.168
0.166
0.164
0.163
0.16
0.159
0.158
0.159
0.16
0.159
0.155
0.154
0.153
0.153
0.156
0.155
0.154
0.157
0.16
0.16
0.157
0.155
0.155
0.157
0.157
0.156
0.158
0.158
0.159
0.155
0.15
0.152
0.154
0.153
0.153
0.152
0.151
0.153
0.153
0.155
0.153
0.151
0.155
0.153
0.146
0.144
0.146
0.147
0.149
0.148
0.145
0.148
0.15
0.147
0.147
0.143
0.141
0.145
0.144
0.147
0.15
0.148
0.15
0.149
0.147
0.145
0.144
0.144
0.145
0.146
0.144
0.146
0.149
0.152
0.152
0.147
0.148
0.147
0.146
0.147
0.147
0.148
0.143
0.146
0.148
0.149
0.149
0.146
0.144
0.142
0.145
0.144
0.141
0.143
0.145
0.144
0.142
0.141
0.139
0.14
0.143
0.143
0.143
0.143
0.143
0.145
0.145
0.145
0.144
0.145
0.144
0.141
0.144
0.146
0.142
0.139
0.14
0.141
0.14
0.139
0.139
0.14
0.141
0.14
0.142
0.143
0.141
0.139
0.14
0.144
0.144
0.141
0.145
0.149
0.15
0.154
0.157
0.158
0.162
0.161
0.159
0.163
0.17
0.175
0.177
0.183
0.187
0.191
0.19
0.185
0.191
0.192
0.189
0.187
0.183
0.184
0.187
0.187
0.186
0.186
0.186
0.188
0.194
0.194
0.191
0.195
0.2
0.203
0.207
0.207
0.209
0.215
0.216
0.218
0.218
0.224
0.232
0.243
0.256
0.256
0.249
0.246
0.243
0.237
0.234
0.23
0.224
0.226
0.222
0.215
0.211
0.208
0.208
0.209
0.206
0.203
0.202
0.197
0.189
0.183
0.179
0.176
0.172
0.167
0.163
0.162
0.163
0.159
0.152
0.152
0.152
0.15
0.147
0.141
0.136
0.13
0.124
0.117
0.112
0.113
0.114
0.111
0.112
0.115
0.113
0.115
0.117
0.117
0.118
0.118
0.119
0.116
0.111
0.118
0.122
0.119
0.121
0.121
0.119
0.116
0.116
0.115
0.112
0.115
0.116
0.117
0.117
0.117
0.114
0.118
0.12
0.118
0.118
0.114
0.113
0.116
0.114
0.115
0.117
0.114
0.111
0.113
0.114
0.113
0.108
0.107
0.11
0.108
0.111
0.107
0.106
0.11
0.108
0.108
0.106
0.104
0.102
0.105
0.104
0.101
0.103
0.103
0.105
0.103
0.102
0.104
0.105
0.107
0.107
0.105
0.105
0.105
0.107
0.107
0.108
0.117
0.116
0.109
0.106
0.103
0.104
0.103
0.099
0.093
0.087
0.091
0.1
0.102
0.103
0.103
0.1
0.104
0.118
0.13
0.141
0.158
0.184
0.209
0.234
0.268
0.298
0.329
0.357
0.396
0.432
0.467
0.513
0.545
0.577
0.614
0.652
0.678
0.697
0.714
0.721
0.733
0.72
0.675
0.617
0.549
0.473
0.398
0.328
0.249
0.172
0.117
0.072
0.025
-0.017
-0.048
-0.07
-0.082
-0.09
-0.136
-0.184
-0.198
-0.204
-0.208
-0.212
-0.221
-0.226
-0.218
-0.206
-0.188
-0.17
-0.153
-0.135
-0.121
-0.105
-0.087
-0.07
-0.051
-0.031
-0.015
-0.001
0.013
0.03
0.043
0.056
0.07
0.079
0.086
0.095
0.103
0.11
0.114
0.12
0.123
0.126
0.129
0.13
0.131
0.132
0.134
0.132
0.131
0.135
0.137
0.137
0.136
0.135
0.136
0.139
0.135
0.137
0.141
0.141
0.143
0.145
0.146
0.15
0.151
0.148
0.15
0.152
0.154
0.154
0.153
0.153
0.151
0.15
0.157
0.161
0.16
0.159
0.157
0.159
0.163
0.162
0.162
0.16
0.163
0.164
0.163
0.163
0.16
0.167
0.175
0.173
0.173
0.174
0.172
0.171
0.172
0.175
0.176
0.171
0.169
0.17
0.174
0.178
0.176
0.176
0.177
0.181
0.181
0.179
0.181
0.181
0.181
0.183
0.184
0.182
0.183
0.186
0.184
0.181
0.187
0.185
0.183
0.188
0.188
0.186
0.182
0.189
0.191
0.186
0.191
0.189
0.191
0.194
0.195
0.197
0.2
0.208
0.209
0.209
0.21
0.212
0.212
0.212
0.217
0.22
0.223
0.219
0.218
0.222
0.224
0.227
0.228
0.229
0.23
0.229
0.23
0.234
0.236
0.24
0.24
0.242
0.244
0.241
0.243
0.251
0.254
0.257
0.261
0.262
0.262
0.264
0.265
0.27
0.274
0.274
0.273
0.272
0.276
0.278
0.276
0.275
0.276
0.277
0.278
0.284
0.29
0.29
0.293
0.298
0.298
0.296
0.302
0.306
0.306
0.309
0.308
0.31
0.316
0.318
0.317
0.315
0.314
0.318
0.322
0.327
0.327
0.323
0.329
0.336
0.335
0.333
0.335
0.333
0.336
0.34
0.342
0.344
0.344
0.347
0.346
0.349
0.354
0.354
0.354
0.35
0.348
0.35
0.35
0.349
0.348
0.351
0.353
0.353
0.354
0.354
0.352
0.353
0.355
0.357
0.351
0.347
0.351
0.351
0.348
0.345
0.344
0.342
0.338
0.331
0.325
0.327
0.329
0.326
0.318
0.317
0.314
0.303
0.3
0.298
0.291
0.286
0.282
0.281
0.277
0.27
0.265
0.263
0.259
0.253
0.251
0.249
0.243
0.24
0.238
0.232
0.227
0.225
0.222
0.221
0.214
0.206
0.201
0.202
0.198
0.192
0.193
0.185
0.185
0.188
0.183
0.179
0.175
0.17
0.167
0.173
0.168
0.16
0.164
0.166
0.16
0.155
0.154
0.153
0.151
0.152
0.152
0.147
0.148
0.152
0.151
0.15
0.146
0.144
0.145
0.146
0.149
0.146
0.141
0.137
0.135
0.135
0.137
0.14
0.143
0.143
0.142
0.143
0.142
0.141
0.142
0.143
0.145
0.142
0.14
0.139
0.143
0.145
0.144
0.143
0.142
0.139
0.133
0.135
0.138
0.137
0.133
0.135
0.131
0.131
0.137
0.131
0.134
0.135
0.13
0.129
0.133
0.131
0.124
0.127
0.128
0.129
0.131
0.13
0.128
0.13
0.131
0.13
0.13
0.134
0.134
0.129
0.132
0.136
0.131
0.131
0.132
0.135
0.135
0.135
0.137
0.136
0.136
0.132
0.134
0.136
0.133
0.137
0.137
0.13
0.127
0.132
0.134
0.131
0.129
0.131
0.134
0.134
0.133
0.135
0.135
0.134
0.133
0.13
0.13
0.129
0.135
0.134
0.125
0.127
0.128
0.131
0.13
0.13
0.133
0.134
0.136
0.137
0.131
0.126
0.126
0.122
0.123
0.127
0.125
0.127
0.124
0.121
0.126
0.126
0.123
0.126
0.13
0.131
0.124
0.124
0.128
0.12
0.118
0.119
0.12
0.121
0.118
0.121
0.123
0.119
0.123
0.126
0.123
0.124
0.122
0.123
0.124
0.122
0.12
0.114
0.114
0.117
0.118
0.12
0.119
0.12
0.116
0.113
0.112
0.112
0.112
0.112
0.117
0.118
0.118
0.117
0.116
0.112
0.107
0.109
0.112
0.108
0.109
0.112
0.103
0.102
0.105
0.104
0.107
0.109
0.115
0.117
0.113
0.112
0.111
0.115
0.111
0.11
0.111
0.105
0.106
0.107
0.107
0.105
0.104
0.111
0.107
0.104
0.107
0.105
0.107
0.107
0.102
0.102
0.103
0.102
0.105
0.109
0.106
0.107
0.109
0.11
0.108
0.106
0.104
0.102
0.098
0.101
0.105
0.105
0.107
0.104
0.102
0.102
0.102
0.099
0.101
0.108
0.103
0.101
0.1
0.099
0.097
0.097
0.096
0.098
0.1
0.096
0.093
0.096
0.096
0.093
0.088
0.089
0.092
0.09
0.09
0.09
0.09
0.089
0.085
0.088
0.092
0.087
0.088
0.092
0.092
0.093
0.096
0.101
0.106
0.106
0.107
0.111
0.111
0.116
0.117
0.117
0.125
0.13
0.14
0.141
0.131
0.13
0.135
0.134
0.134
0.135
0.136
0.141
0.141
0.141
0.142
0.143
0.149
0.154
0.152
