0.376
0.381
0.388
0.386
0.388
0.391
0.393
0.392
0.39
0.391
0.392
0.391
0.392
0.395
0.398
0.401
0.396
0.394
0.397
0.395
0.397
0.404
0.402
0.401
0.412
0.419
0.416
0.415
0.414
0.415
0.417
0.421
0.419
0.415
0.42
0.424
0.429
0.43
0.433
0.435
0.436
0.434
0.434
0.44
0.438
0.44
0.442
0.44
0.44
0.439
0.439
0.441
0.438
0.438
0.44
0.44
0.444
0.445
0.445
0.447
0.447
0.447
0.449
0.451
0.451
0.448
0.449
0.454
0.453
0.451
0.454
0.454
0.455
0.454
0.453
0.453
0.456
0.459
0.459
0.459
0.46
0.463
0.465
0.463
0.461
0.464
0.469
0.468
0.466
0.469
0.471
0.472
0.474
0.476
0.477
0.48
0.485
0.486
0.485
0.487
0.487
0.487
0.489
0.491
0.494
0.496
0.494
0.496
0.497
0.498
0.5
0.503
0.508
0.508
0.513
0.514
0.508
0.514
0.513
0.512
0.518
0.52
0.524
0.523
0.526
0.53
0.532
0.533
0.532
0.532
0.535
0.536
0.535
0.533
0.531
0.536
0.542
0.545
0.545
0.548
0.549
0.552
0.556
0.556
0.559
0.564
0.567
0.573
0.577
0.578
0.584
0.585
0.586
0.591
0.592
0.596
0.596
0.598
0.601
0.6
0.6
0.602
0.605
0.604
0.605
0.607
0.62
0.63
0.623
0.622
0.623
0.623
0.625
0.626
0.627
0.625
0.623
0.625
0.628
0.631
0.632
0.631
0.631
0.628
0.629
0.631
0.631
0.63
0.628
0.629
0.63
0.632
0.632
0.628
0.629
0.63
0.628
0.632
0.635
0.633
0.632
0.631
0.629
0.626
0.621
0.615
0.616
0.619
0.618
0.614
0.611
0.609
0.61
0.604
0.598
0.597
0.597
0.596
0.593
0.591
0.583
0.578
0.576
0.573
0.568
0.561
0.557
0.55
0.545
0.539
0.535
0.53
0.522
0.52
0.517
0.511
0.508
0.499
0.492
0.49
0.487
0.485
0.484
0.482
0.47
0.465
0.466
0.461
0.458
0.455
0.451
0.449
0.452
0.452
0.452
0.449
0.443
0.443
0.443
0.44
0.439
0.433
0.431
0.433
0.43
0.427
0.422
0.42
0.419
0.416
0.421
0.42
0.414
0.414
0.413
0.414
0.409
0.406
0.409
0.411
0.41
0.408
0.412
0.417
0.423
0.419
0.419
0.419
0.419
0.425
0.425
0.427
0.426
0.424
0.419
0.413
0.415
0.42
0.416
0.412
0.422
0.432
0.426
0.422
0.425
0.427
0.426
0.424
0.425
0.423
0.421
0.424
0.426
0.428
0.43
0.432
0.432
0.429
0.428
0.426
0.427
0.425
0.426
0.425
0.426
0.426
0.425
0.426
0.425
0.428
0.427
0.422
0.421
0.424
0.421
0.417
0.418
0.422
0.428
0.43
0.428
0.424
0.421
0.419
0.421
0.421
0.418
0.419
0.417
0.415
0.416
0.409
0.408
0.413
0.416
0.413
0.408
0.408
0.406
0.407
0.407
0.407
0.406
0.408
0.409
0.409
0.409
0.408
0.411
0.413
0.413
0.413
0.414
0.416
0.413
0.406
0.406
0.409
0.409
0.406
0.407
0.409
0.408
0.406
0.402
0.401
0.406
0.407
0.404
0.403
0.4
0.398
0.403
0.402
0.398
0.397
0.396
0.396
0.398
0.4
0.402
0.405
0.405
0.404
0.403
0.4
0.401
0.403
0.404
0.403
0.398
0.398
0.396
0.395
0.395
0.393
0.394
0.392
0.388
0.393
0.4
0.405
0.402
0.398
0.395
0.394
0.396
0.398
0.397
0.396
0.394
0.393
0.395
0.393
0.392
0.395
0.391
0.389
0.39
0.387
0.387
0.387
0.387
0.389
0.386
0.39
0.386
0.379
0.383
0.387
0.385
0.378
0.383
0.388
0.383
0.383
0.384
0.383
0.382
0.386
0.391
0.392
0.391
0.387
0.384
0.386
0.388
0.389
0.387
0.383
0.381
0.382
0.381
0.382
0.38
0.381
0.386
0.388
0.396
0.401
0.394
0.388
0.387
0.389
0.387
0.382
0.38
0.39
0.394
0.39
0.392
0.388
0.386
0.389
0.395
0.396
0.395
0.393
0.39
0.389
0.387
0.389
0.388
0.388
0.388
0.386
0.388
0.383
0.384
0.384
0.381
0.38
0.376
0.377
0.377
0.378
0.378
0.374
0.379
0.381
0.381
0.386
0.388
0.391
0.396
0.401
0.402
0.404
0.409
0.414
0.42
0.424
0.427
0.428
0.426
0.428
0.428
0.427
0.427
0.426
0.427
0.43
0.432
0.433
0.432
0.437
0.438
0.43
0.431
0.433
0.436
0.443
0.447
0.45
0.451
0.452
0.456
0.457
0.459
0.462
0.465
0.474
0.484
0.49
0.494
0.491
0.49
0.486
0.484
0.48
0.472
0.462
0.452
0.453
0.458
0.461
0.461
0.461
0.459
0.455
0.454
0.448
0.441
0.442
0.438
0.431
0.428
0.424
0.419
0.415
0.412
0.412
0.407
0.402
0.403
0.4
0.394
0.394
0.393
0.386
0.379
0.371
0.366
0.364
0.365
0.363
0.358
0.36
0.361
0.36
0.363
0.364
0.364
0.366
0.365
0.366
0.37
0.373
0.366
0.362
0.366
0.364
0.362
0.363
0.368
0.366
0.367
0.367
0.365
0.367
0.364
0.362
0.366
0.369
0.366
0.362
0.36
0.362
0.365
0.366
0.367
0.366
0.369
0.367
0.367
0.37
0.367
0.364
0.358
0.357
0.36
0.362
0.364
0.361
0.358
0.362
0.363
0.357
0.356
0.361
0.369
0.371
0.365
0.364
0.365
0.361
0.36
0.362
0.36
0.359
0.362
0.363
0.362
0.361
0.363
0.363
0.365
0.368
0.366
0.367
0.366
0.362
0.363
0.364
0.364
0.364
0.361
0.356
0.357
0.365
0.364
0.361
0.362
0.365
0.369
0.365
0.367
0.371
0.383
0.4
0.413
0.434
0.456
0.483
0.514
0.544
0.577
0.604
0.639
0.672
0.703
0.743
0.78
0.819
0.859
0.898
0.924
0.941
0.961
0.975
0.977
0.96
0.924
0.873
0.817
0.743
0.66
0.59
0.514
0.442
0.383
0.334
0.285
0.247
0.216
0.191
0.177
0.168
0.135
0.087
0.07
0.065
0.054
0.054
0.046
0.038
0.043
0.044
0.063
0.08
0.09
0.113
0.13
0.148
0.168
0.183
0.2
0.218
0.233
0.244
0.261
0.277
0.29
0.304
0.317
0.329
0.336
0.342
0.35
0.356
0.36
0.365
0.373
0.379
0.381
0.382
0.379
0.382
0.383
0.383
0.382
0.377
0.378
0.38
0.387
0.389
0.381
0.38
0.381
0.38
0.382
0.385
0.386
0.387
0.391
0.393
0.399
0.399
0.395
0.394
0.396
0.397
0.404
0.405
0.405
0.408
0.408
0.405
0.401
0.401
0.399
0.402
0.403
0.402
0.406
0.402
0.404
0.409
0.405
0.406
0.405
0.404
0.406
0.409
0.408
0.406
0.411
0.412
0.412
0.409
0.407
0.406
0.407
0.41
0.409
0.415
0.418
0.417
0.414
0.415
0.419
0.422
0.424
0.422
0.423
0.424
0.422
0.424
0.426
0.426
0.432
0.431
0.427
0.433
0.434
0.432
0.438
0.441
0.439
0.438
0.443
0.446
0.444
0.448
0.448
0.451
0.451
0.448
0.453
0.455
0.453
0.452
0.453
0.457
0.454
0.453
0.454
0.457
0.465
0.466
0.464
0.468
0.47
0.466
0.466
0.474
0.473
0.471
0.478
0.482
0.478
0.476
0.482
0.484
0.486
0.484
0.482
0.486
0.491
0.503
0.51
0.51
0.511
0.509
0.512
0.516
0.518
0.52
0.518
0.519
0.523
0.53
0.53
0.526
0.531
0.533
0.535
0.542
0.544
0.544
0.544
0.547
0.549
0.546
0.549
0.548
0.551
0.557
0.556
0.555
0.557
0.561
0.561
0.561
0.565
0.568
0.57
0.57
0.57
0.575
0.578
0.576
0.577
0.576
0.574
0.576
0.578
0.579
0.584
0.586
0.587
0.584
0.583
0.587
0.585
0.588
0.589
0.587
0.583
0.581
0.586
0.59
0.587
0.584
0.587
0.59
0.589
0.588
0.59
0.591
0.589
0.592
0.591
0.585
0.58
0.584
0.592
0.586
0.581
0.579
0.574
0.569
0.569
0.565
0.56
0.554
0.547
0.545
0.541
0.539
0.534
0.529
0.525
0.524
0.523
0.515
0.512
0.51
0.507
0.505
0.496
0.489
0.486
0.481
0.477
0.48
0.477
0.469
0.462
0.459
0.458
0.451
0.448
0.444
0.435
0.433
0.432
0.425
0.425
0.424
0.418
0.42
0.416
0.412
0.417
0.416
0.411
0.407
0.404
0.402
0.401
0.401
0.401
0.402
0.399
0.396
0.396
0.397
0.399
0.398
0.394
0.394
0.397
0.398
0.399
0.401
0.401
0.398
0.398
0.399
0.395
0.395
0.399
0.395
0.39
0.388
0.39
0.391
0.387
0.385
0.385
0.387
0.386
0.385
0.383
0.385
0.386
0.385
0.389
0.39
0.39
0.389
0.384
0.381
0.385
0.387
0.383
0.381
0.384
0.384
0.384
0.392
0.394
0.386
0.386
0.386
0.382
0.385
0.384
0.387
0.392
0.391
0.394
0.392
0.393
0.393
0.387
0.389
0.386
0.388
0.393
0.392
0.394
0.397
0.397
0.398
0.396
0.392
0.394
0.395
0.389
0.387
0.39
0.389
0.389
0.391
0.388
0.388
0.392
0.398
0.398
0.396
0.396
0.399
0.396
0.391
0.392
0.39
0.388
0.389
0.389
0.389
0.389
0.386
0.387
0.391
0.395
0.389
0.386
0.385
0.379
0.38
0.383
0.385
0.381
0.377
0.378
0.381
0.386
0.389
0.392
0.391
0.39
0.387
0.386
0.388
0.386
0.383
0.385
0.387
0.381
0.383
0.388
0.388
0.39
0.389
0.387
0.388
0.388
0.387
0.387
0.381
0.379
0.38
0.378
0.382
0.384
0.382
0.38
0.383
0.38
0.374
0.373
0.373
0.373
0.37
0.371
0.374
0.372
0.37
0.373
0.375
0.373
0.371
0.371
0.374
0.374
0.371
0.371
0.374
0.376
0.377
0.379
0.374
0.37
0.37
0.37
0.374
0.378
0.38
0.373
0.372
0.372
0.375
0.377
0.368
0.369
0.369
0.368
0.374
0.372
0.369
0.368
0.372
0.377
0.371
0.366
0.365
0.367
0.368
0.365
0.364
0.366
0.372
0.375
0.369
0.367
0.378
0.379
0.372
0.369
0.368
0.37
0.368
0.362
0.361
0.368
0.37
0.368
0.371
0.371
0.367
0.372
0.373
0.367
0.37
0.367
0.368
0.37
0.364
0.365
0.369
0.363
0.372
0.372
0.359
0.364
0.367
0.362
0.362
0.361
0.361
0.362
0.359
0.361
0.361
0.36
0.366
0.366
0.364
0.367
0.366
0.365
0.362
0.36
0.36
0.36
0.365
0.367
0.37
0.368
0.365
0.366
0.364
0.367
0.366
0.364
0.362
0.364
0.362
0.369
0.378
0.373
0.384
0.39
0.386
0.389
0.395
0.394
0.395
0.4
0.402
0.409
0.41
0.407
0.401
0.398
0.4
0.401
0.401
0.402
0.404
0.407
0.403
0.398
0.401
0.405
0.406
0.406
0.405
0.399
0.408
0.422
0.42
0.423
0.424
0.426
0.43
0.43
0.434
0.433
0.436
0.447
0.454
0.456
0.46
0.464
0.465
0.459
0.456
0.456
0.453
0.446
0.443
0.443
0.444
0.436
0.431
0.438
0.428
0.425
0.426
0.422
0.42
0.407
0.404
0.405
0.398
0.393
0.392
0.387
0.382
0.382
0.38
0.378
0.375
0.372
0.369
0.368
0.366
0.362
0.358
0.351
0.342
0.336
0.335
0.331
0.332
0.336
0.333
0.334
0.342
0.339
0.336
0.339
0.338
0.34
0.341
0.337
0.33
0.339
0.344
0.338
0.338
0.334
0.338
0.341
0.337
0.333
0.332
0.333
0.333
0.336
0.344
0.343
0.332
0.329
0.329
0.33
0.333
0.331
0.332
0.331
0.329
0.33
0.336
0.336
0.335
0.335
0.324
0.323
0.328
0.325
0.322
0.321
0.322
0.321
0.32
0.321
0.319
0.316
0.316
0.318
0.32
0.32
0.322
0.321
0.322
0.324
0.321
0.318
0.314
0.32
0.327
0.328
0.328
0.331
0.334
0.33
0.33
0.33
0.328
0.325
0.324
0.323
0.317
0.314
0.313
0.311
0.31
0.308
0.309
0.313
0.323
0.326
0.323
0.318
0.32
0.333
0.344
0.36
0.374
0.398
0.425
0.448
0.471
0.496
0.526
0.554
0.589
0.619
0.647
0.688
0.724
0.752
0.781
0.811
0.832
0.848
0.865
0.87
0.872
0.858
0.819
0.769
0.71
0.642
0.572
0.51
0.448
0.386
0.344
0.302
0.26
0.225
0.197
0.182
0.172
0.165
0.128
0.08
0.067
0.059
0.054
0.053
0.042
0.037
0.045
0.054
0.074
0.093
0.109
0.126
0.14
0.153
0.166
0.183
0.203
0.222
0.241
0.255
0.269
0.285
0.299
0.312
0.321
0.33
0.341
0.345
0.352
0.36
0.364
0.37
0.374
0.378
0.38
0.384
0.387
0.384
0.385
0.384
0.384
0.389
0.392
0.394
0.394
0.396
0.398
0.395
0.394
0.399
0.403
0.405
0.408
0.409
0.409
0.408
0.409
0.411
0.413
0.417
0.415
0.415
0.424
0.427
0.417
0.414
0.42
0.418
0.422
0.424
0.426
0.431
0.431
0.434
0.435
0.432
0.428
0.43
0.432
0.434
0.439
0.436
0.438
0.44
0.436
0.433
0.435
0.439
0.439
0.439
0.439
0.442
0.441
0.443
0.446
0.445
0.445
0.442
0.44
0.442
0.441
0.441
0.443
0.443
0.445
0.45
0.451
0.449
0.446
0.443
0.446
0.448
0.451
0.455
0.458
0.461
0.462
0.461
0.46
0.463
0.47
0.471
0.468
0.466
0.466
0.468
0.467
0.468
0.471
0.471
0.47
0.469
0.468
0.466
0.47
0.477
0.474
0.473
0.476
0.477
0.48
0.482
0.484
0.482
0.483
0.49
0.492
0.489
0.491
0.496
0.497
0.497
0.499
0.502
0.5
0.502
0.504
0.503
0.505
0.503
0.505
0.513
0.52
0.522
0.52
0.522
0.521
0.521
0.523
0.53
0.534
0.532
0.532
0.536
0.54
0.539
0.541
0.543
0.548
0.557
0.562
0.563
0.561
0.561
0.567
0.57
0.574
0.574
0.57
0.573
0.575
0.575
0.577
0.578
0.579
0.584
0.584
0.584
0.588
0.583
0.584
0.589
0.59
0.592
0.592
0.593
0.592
0.592
0.593
0.596
0.597
0.6
0.598
0.6
0.602
0.601
0.605
0.607
0.607
0.606
0.604
0.604
0.604
0.606
0.605
0.601
0.599
0.603
0.602
0.599
0.6
0.601
0.595
0.593
0.594
0.592
0.592
0.593
0.593
0.59
0.588
0.583
0.576
0.574
0.57
0.564
0.559
0.558
0.556
0.552
0.549
0.543
0.545
0.542
0.531
0.524
0.515
0.513
0.513
0.508
0.504
0.501
0.497
0.498
0.496
0.484
0.479
0.481
0.482
0.478
0.473
0.469
0.463
0.464
0.463
0.459
0.453
0.452
0.452
0.447
0.442
0.441
0.436
0.431
0.43
0.427
0.429
0.424
0.417
0.418
0.416
0.412
0.414
0.417
0.417
0.419
0.42
0.415
0.412
0.411
0.408
0.406
0.402
0.403
0.405
0.406
0.41
0.406
0.404
0.402
0.397
0.399
0.401
0.402
0.402
0.403
0.404
0.402
0.4
0.403
0.406
0.405
0.404
0.401
0.401
0.398
0.395
0.396
0.398
0.398
0.399
0.397
0.4
0.404
0.398
0.398
0.402
0.41
0.414
0.408
0.406
0.406
0.406
0.409
0.41
0.407
0.406
0.408
0.406
0.407
0.405
0.403
0.403
0.399
0.397
0.396
0.4
0.402
0.401
0.402
0.403
0.405
0.407
0.407
0.404
0.405
0.407
0.406
0.41
0.409
0.409
0.409
0.404
0.404
0.405
0.403
0.405
0.404
0.4
0.4
0.4
0.402
0.404
0.399
0.395
0.398
0.401
0.4
0.404
0.408
0.406
0.403
0.401
0.402
0.402
0.405
0.406
0.399
0.396
0.398
0.402
0.398
0.396
0.399
0.398
0.399
0.4
0.397
0.395
0.392
0.394
0.397
0.397
0.398
0.394
0.392
0.392
0.393
0.395
0.394
0.392
0.392
0.393
0.392
0.39
0.389
0.388
0.387
0.386
0.387
0.387
0.389
0.386
0.387
0.389
0.386
0.383
0.381
0.386
0.387
0.382
0.381
0.382
0.384
0.384
0.385
0.384
0.38
0.38
0.383
0.384
0.386
0.385
0.381
0.381
0.382
0.386
0.389
0.385
0.383
0.386
0.387
0.385
0.381
0.38
0.378
0.377
0.38
0.383
0.383
0.381
0.379
0.378
0.378
0.38
0.381
0.379
0.376
0.374
0.373
0.379
0.381
0.374
0.375
0.378
0.379
0.376
0.373
0.374
0.373
0.373
0.374
0.376
0.374
0.376
0.381
0.383
0.382
0.377
0.377
0.377
0.378
0.378
0.376
0.378
0.376
0.376
0.379
0.376
0.375
0.376
0.375
0.376
0.374
0.375
0.375
0.371
0.369
0.369
0.368
0.369
0.371
0.368
0.367
0.367
0.366
0.366
0.363
0.363
0.365
0.363
0.361
0.362
0.364
0.363
0.362
0.363
0.364
0.366
0.366
0.366
0.365
0.364
0.362
0.363
0.366
0.366
0.365
0.367
0.369
0.367
0.369
0.369
0.37
0.372
0.372
0.373
0.371
0.37
0.371
0.376
0.38
0.377
0.377
0.378
0.378
0.382
0.385
0.387
0.389
0.395
0.398
0.4
0.405
0.408
0.414
0.416
0.415
0.411
0.41
0.411
0.409
0.41
0.41
0.411
0.413
0.416
0.417
0.418
0.417
0.418
0.417
0.415
0.417
0.42
0.425
0.425
0.427
0.432
0.434
0.438
0.443
0.446
0.447
0.452
0.46
0.468
0.472
0.475
0.471
0.471
0.473
0.471
0.469
0.464
0.46
0.456
0.454
0.453
0.45
0.447
0.449
0.452
0.447
0.444
0.442
0.438
0.43
0.424
0.42
0.416
0.41
0.406
0.405
0.403
0.398
0.398
0.396
0.394
0.392
0.389
0.389
0.389
0.384
0.374
0.37
0.364
0.357
0.355
0.351
0.351
0.352
0.352
0.352
0.354
0.356
0.359
0.36
0.36
0.364
0.364
0.361
0.36
0.362
0.361
0.358
0.358
0.359
0.361
0.361
0.359
0.359
0.358
0.357
0.357
0.356
0.357
0.355
0.355
0.355
0.353
0.353
0.353
0.353
0.355
0.355
0.354
0.356
0.355
0.352
0.351
0.35
0.35
0.35
0.348
0.349
0.35
0.349
0.348
0.347
0.347
0.347
0.346
0.345
0.347
0.347
0.347
0.347
0.345
0.345
0.346
0.343
0.343
0.343
0.342
0.34
0.343
0.344
0.346
0.345
0.341
0.34
0.342
0.344
0.346
0.345
0.343
0.344
0.345
0.346
0.344
0.338
0.333
0.329
0.331
0.335
0.339
0.34
0.341
0.346
0.354
0.366
0.382
0.392
0.406
0.43
0.462
0.491
0.514
0.535
0.564
0.597
0.628
0.66
0.7
0.735
0.758
0.79
0.826
0.859
0.881
0.896
0.911
0.919
0.921
0.902
0.864
0.808
0.736
0.666
0.598
0.53
0.464
0.4
0.353
0.308
0.263
0.225
0.202
0.19
0.179
0.165
0.122
0.083
0.069
0.059
0.049
0.038
0.027
0.023
0.035
0.051
0.063
0.077
0.092
0.106
0.122
0.137
0.151
0.172
0.192
0.208
0.225
0.241
0.256
0.271
0.283
0.293
0.301
0.311
0.32
0.326
0.334
0.341
0.347
0.353
0.358
0.361
0.361
0.361
0.362
0.361
0.358
0.357
0.357
0.361
0.36
0.362
0.365
0.363
0.361
0.362
0.365
0.361
0.362
0.364
0.366
0.37
0.372
0.374
0.372
0.377
0.38
0.376
0.374
0.374
0.375
0.38
0.385
0.386
0.389
0.39
0.387
0.386
0.386
0.386
0.388
0.388
0.385
0.386
0.389
0.39
0.39
0.392
0.394
0.393
0.394
0.394
0.394
0.393
0.394
0.397
0.397
0.397
0.398
0.4
0.401
0.401
0.404
0.405
0.406
0.408
0.408
0.408
0.407
0.405
0.404
0.408
0.41
0.409
0.409
0.409
0.41
0.412
0.412
0.411
0.415
0.414
0.414
0.416
0.417
0.416
0.419
0.423
0.423
0.423
0.423
0.423
0.423
0.425
0.425
0.427
0.427
0.429
0.43
0.427
0.429
0.43
0.43
0.431
0.43
0.431
0.435
0.439
0.442
0.443
0.444
0.448
0.451
0.45
0.45
0.452
0.452
0.452
0.454
0.457
0.459
0.462
0.461
0.462
0.463
0.464
0.467
0.467
0.468
0.47
0.471
0.474
0.477
0.476
0.479
0.481
0.482
0.486
0.489
0.489
0.49
0.493
0.497
0.501
0.502
0.502
0.503
0.504
0.505
0.508
0.509
0.512
0.516
0.517
0.517
0.519
0.521
0.523
0.524
0.524
0.527
0.531
0.533
