0.534
0.535
0.535
0.537
0.54
0.542
0.543
0.544
0.545
0.547
0.551
0.554
0.552
0.553
0.555
0.556
0.556
0.555
0.555
0.556
0.557
0.558
0.56
0.56
0.558
0.559
0.563
0.565
0.564
0.563
0.56
0.561
0.565
0.565
0.563
0.561
0.561
0.559
0.558
0.56
0.558
0.554
0.552
0.551
0.548
0.546
0.543
0.541
0.538
0.536
0.533
0.531
0.529
0.521
0.516
0.515
0.51
0.507
0.502
0.497
0.494
0.489
0.482
0.477
0.474
0.471
0.469
0.462
0.458
0.456
0.453
0.449
0.442
0.437
0.432
0.427
0.423
0.421
0.416
0.413
0.412
0.409
0.408
0.403
0.399
0.397
0.392
0.387
0.384
0.381
0.38
0.378
0.376
0.374
0.373
0.367
0.364
0.365
0.364
0.364
0.364
0.366
0.366
0.364
0.362
0.361
0.36
0.358
0.359
0.358
0.356
0.356
0.355
0.355
0.354
0.355
0.355
0.354
0.353
0.352
0.352
0.352
0.354
0.353
0.354
0.355
0.355
0.355
0.355
0.356
0.355
0.354
0.355
0.356
0.356
0.354
0.354
0.355
0.353
0.353
0.354
0.356
0.359
0.36
0.36
0.358
0.359
0.358
0.357
0.36
0.359
0.358
0.359
0.361
0.362
0.363
0.361
0.36
0.36
0.361
0.362
0.36
0.359
0.36
0.357
0.356
0.357
0.356
0.359
0.359
0.359
0.359
0.359
0.363
0.363
0.363
0.362
0.361
0.36
0.359
0.358
0.356
0.356
0.355
0.357
0.356
0.353
0.353
0.355
0.355
0.352
0.349
0.348
0.35
0.352
0.352
0.35
0.348
0.348
0.349
0.35
0.347
0.346
0.348
0.346
0.344
0.345
0.345
0.345
0.343
0.342
0.342
0.342
0.344
0.343
0.342
0.342
0.343
0.343
0.341
0.339
0.339
0.34
0.34
0.341
0.34
0.342
0.344
0.345
0.346
0.345
0.344
0.344
0.346
0.347
0.343
0.341
0.34
0.339
0.341
0.343
0.342
0.343
0.344
0.342
0.341
0.341
0.339
0.336
0.337
0.339
0.339
0.341
0.343
0.343
0.341
0.339
0.34
0.339
0.338
0.34
0.339
0.339
0.339
0.337
0.335
0.335
0.334
0.332
0.333
0.332
0.331
0.33
0.33
0.329
0.329
0.328
0.328
0.33
0.331
0.331
0.333
0.333
0.334
0.333
0.332
0.333
0.333
0.334
0.334
0.335
0.335
0.334
0.334
0.334
0.336
0.336
0.336
0.335
0.333
0.333
0.334
0.332
0.332
0.334
0.332
0.33
0.33
0.333
0.334
0.333
0.33
0.329
0.331
0.332
0.332
0.332
0.331
0.331
0.332
0.333
0.335
0.336
0.336
0.336
0.336
0.336
0.337
0.337
0.337
0.337
0.337
0.338
0.337
0.335
0.335
0.334
0.333
0.334
0.336
0.337
0.336
0.335
0.336
0.335
0.337
0.338
0.338
0.339
0.339
0.339
0.336
0.335
0.337
0.336
0.337
0.337
0.337
0.337
0.334
0.333
0.331
0.33
0.332
0.333
0.333
0.334
0.333
0.335
0.337
0.335
0.335
0.334
0.333
0.333
0.334
0.333
0.331
0.331
0.333
0.336
0.337
0.336
0.337
0.337
0.339
0.338
0.339
0.343
0.343
0.344
0.345
0.348
0.35
0.351
0.354
0.36
0.367
0.372
0.379
0.384
0.386
0.386
0.386
0.387
0.387
0.383
0.383
0.388
0.389
0.387
0.388
0.388
0.391
0.391
0.386
0.386
0.392
0.395
0.398
0.403
0.406
0.409
0.411
0.415
0.419
0.417
0.418
0.425
0.434
0.441
0.444
0.444
0.439
0.436
0.434
0.428
0.424
0.42
0.414
0.414
0.413
0.411
0.409
0.409
0.41
0.408
0.406
0.4
0.397
0.392
0.387
0.382
0.379
0.372
0.364
0.361
0.362
0.36
0.356
0.357
0.355
0.35
0.348
0.346
0.344
0.341
0.339
0.333
0.326
0.32
0.315
0.311
0.308
0.306
0.306
0.307
0.308
0.31
0.307
0.307
0.309
0.308
0.311
0.313
0.313
0.313
0.31
0.311
0.313
0.314
0.314
0.314
0.315
0.314
0.313
0.313
0.314
0.315
0.317
0.318
0.317
0.317
0.315
0.315
0.315
0.312
0.313
0.312
0.313
0.313
0.312
0.313
0.312
0.312
0.313
0.311
0.31
0.309
0.308
0.306
0.304
0.306
0.309
0.309
0.309
0.308
0.305
0.305
0.304
0.304
0.302
0.301
0.302
0.299
0.298
0.302
0.305
0.306
0.304
0.302
0.304
0.306
0.309
0.313
0.311
0.311
0.311
0.31
0.307
0.306
0.305
0.303
0.302
0.299
0.299
0.297
0.294
0.296
0.298
0.297
0.297
0.299
0.304
0.314
0.325
0.339
0.349
0.369
0.399
0.425
0.454
0.484
0.517
0.553
0.589
0.624
0.665
0.707
0.735
0.768
0.81
0.843
0.875
0.901
0.923
0.939
0.948
0.942
0.91
0.864
0.8
0.724
0.646
0.577
0.503
0.426
0.361
0.31
0.262
0.215
0.181
0.162
0.145
0.135
0.117
0.068
0.033
0.022
0.011
0.001
-0.015
-0.021
-0.013
0.004
0.014
0.025
0.043
0.058
0.073
0.09
0.104
0.119
0.14
0.161
0.181
0.2
0.214
0.227
0.236
0.247
0.259
0.268
0.277
0.285
0.293
0.3
0.307
0.31
0.313
0.316
0.319
0.321
0.32
0.32
0.32
0.323
0.326
0.327
0.327
0.328
0.328
0.33
0.331
0.334
0.334
0.333
0.334
0.335
0.336
0.336
0.336
0.336
0.337
0.338
0.339
0.34
0.338
0.336
0.338
0.34
0.341
0.343
0.345
0.344
0.344
0.344
0.345
0.344
0.347
0.35
0.351
0.349
0.348
0.351
0.349
0.348
0.35
0.349
0.35
0.35
0.349
0.352
0.357
0.357
0.358
0.36
0.362
0.364
0.363
0.363
0.363
0.363
0.363
0.365
0.366
0.364
0.362
0.366
0.368
0.366
0.367
0.368
0.37
0.372
0.373
0.375
0.376
0.375
0.377
0.379
0.379
0.379
0.381
0.381
0.38
0.384
0.386
0.388
0.393
0.393
0.393
0.393
0.396
0.397
0.397
0.396
0.397
0.4
0.401
0.401
0.399
0.398
0.401
0.402
0.404
0.406
0.407
0.41
0.414
0.417
0.419
0.422
0.423
0.426
0.427
0.429
0.433
0.436
0.44
0.439
0.439
0.443
0.446
0.45
0.45
0.454
0.455
0.456
0.461
0.46
0.46
0.462
0.465
0.468
0.47
0.474
0.476
0.474
0.474
0.476
0.478
0.479
0.48
0.483
0.486
0.49
0.493
0.495
0.496
0.498
0.503
0.505
0.507
0.508
0.509
0.511
0.511
0.513
0.515
0.515
0.516
0.519
0.524
0.524
0.523
0.524
0.528
0.532
0.534
0.535
0.537
0.536
0.538
0.544
0.547
0.547
0.547
0.546
0.545
0.548
0.549
0.55
0.552
0.553
0.551
0.547
0.547
0.549
0.55
0.551
0.551
0.552
0.55
0.55
0.549
0.548
0.548
0.549
0.548
0.548
0.547
0.546
0.545
0.544
0.54
0.537
0.536
0.534
0.532
0.53
0.527
0.524
0.522
0.519
0.514
0.507
0.503
0.501
0.495
0.491
0.488
0.486
0.482
0.478
0.473
0.468
0.465
0.46
0.453
0.448
0.443
0.438
0.435
0.432
0.427
0.425
0.423
0.419
0.417
0.414
0.408
0.404
0.402
0.398
0.395
0.394
0.389
0.385
0.383
0.38
0.379
0.376
0.371
0.368
0.365
0.362
0.359
0.357
0.354
0.351
0.352
0.351
0.349
0.347
0.349
0.348
0.346
0.345
0.345
0.345
0.346
0.347
0.343
0.343
0.344
0.341
0.343
0.343
0.342
0.342
0.344
0.343
0.344
0.343
0.34
0.341
0.341
0.342
0.34
0.341
0.344
0.344
0.347
0.347
0.346
0.347
0.346
0.345
0.345
0.344
0.345
0.345
0.345
0.343
0.343
0.345
0.344
0.341
0.341
0.343
0.344
0.344
0.344
0.342
0.34
0.34
0.342
0.344
0.344
0.344
0.344
0.344
0.345
0.344
0.342
0.343
0.344
0.344
0.345
0.342
0.342
0.344
0.344
0.345
0.345
0.343
0.341
0.342
0.341
0.341
0.342
0.342
0.342
0.343
0.341
0.339
0.339
0.341
0.341
0.342
0.341
0.339
0.337
0.337
0.336
0.334
0.334
0.334
0.335
0.335
0.335
0.335
0.335
0.335
0.337
0.338
0.337
0.337
0.336
0.338
0.337
0.339
0.34
0.337
0.337
0.335
0.335
0.335
0.335
0.336
0.336
0.334
0.332
0.332
0.333
0.333
0.333
0.332
0.333
0.333
0.331
0.332
0.332
0.332
0.332
0.331
0.331
0.332
0.334
0.333
0.333
0.333
0.333
0.336
0.337
0.339
0.339
0.338
0.339
0.339
0.338
0.336
0.338
0.339
0.34
0.342
0.339
0.335
0.334
0.334
0.337
0.338
0.336
0.338
0.34
0.34
0.34
0.342
0.343
0.344
0.346
0.343
0.339
0.34
0.342
0.341
0.34
0.34
0.34
0.341
0.342
0.343
0.343
0.343
0.342
0.341
0.339
0.337
0.333
0.334
0.335
0.332
0.332
0.332
0.331
0.331
0.33
0.331
0.33
0.33
0.327
0.324
0.326
0.326
0.328
0.328
0.327
0.328
0.325
0.325
0.325
0.324
0.325
0.324
0.322
0.322
0.323
0.325
0.325
0.325
0.326
0.327
0.325
0.322
0.323
0.325
0.329
0.33
0.328
0.327
0.327
0.329
0.329
0.328
0.327
0.327
0.328
0.327
0.326
0.324
0.325
0.325
0.323
0.323
0.325
0.326
0.324
0.323
0.325
0.324
0.324
0.329
0.333
0.331
0.329
0.329
0.33
0.329
0.328
0.328
0.327
0.326
0.326
0.326
0.326
0.325
0.327
0.327
0.327
0.329
0.329
0.329
0.328
0.328
0.329
0.33
0.333
0.334
0.333
0.334
0.338
0.342
0.344
0.35
0.354
0.358
0.363
0.366
0.371
0.376
0.38
0.381
0.38
0.38
0.376
0.373
0.377
0.381
0.382
0.379
0.377
0.377
0.376
0.38
0.384
0.384
0.385
0.385
0.39
0.395
0.396
0.399
0.402
0.406
0.41
0.413
0.416
0.421
0.427
0.434
0.443
0.448
0.448
0.445
0.44
0.433
0.427
0.422
0.418
0.415
0.414
0.411
0.406
0.404
0.401
0.402
0.401
0.396
0.392
0.387
0.381
0.376
0.372
0.368
0.362
0.358
0.354
0.35
0.344
0.341
0.341
0.341
0.341
0.338
0.335
0.333
0.333
0.327
0.321
0.317
0.311
0.308
0.304
0.3
0.3
0.301
0.302
0.302
0.304
0.307
0.307
0.307
0.306
0.307
0.308
0.308
0.309
0.308
0.309
0.309
0.31
0.31
0.308
0.308
0.306
0.309
0.311
0.308
0.306
0.301
0.302
0.304
0.302
0.305
0.307
0.306
0.307
0.307
0.306
0.306
0.306
0.302
0.3
0.3
0.3
0.302
0.303
0.303
0.304
0.306
0.306
0.306
0.304
0.3
0.3
0.302
0.305
0.305
0.303
0.302
0.304
0.304
0.304
0.305
0.303
0.304
0.305
0.306
0.305
0.305
0.307
0.307
0.308
0.309
0.308
0.308
0.309
0.308
0.307
0.308
0.307
0.308
0.307
0.303
0.301
0.298
0.297
0.296
0.3
0.305
0.306
0.305
0.306
0.312
0.322
0.336
0.351
0.372
0.397
0.419
0.447
0.475
0.506
0.534
0.567
0.607
0.641
0.683
0.727
0.758
0.796
0.839
0.876
0.903
0.925
0.947
0.959
0.966
0.95
0.91
0.859
0.788
0.705
0.63
0.553
0.473
0.393
0.331
0.284
0.236
0.196
0.161
0.146
0.134
0.125
0.096
0.046
0.025
0.018
0.007
-0.004
-0.018
-0.024
-0.015
-0.003
0.011
0.025
0.04
0.057
0.075
0.089
0.102
0.12
0.142
0.164
0.182
0.198
0.216
0.23
0.24
0.252
0.263
0.274
0.283
0.291
0.297
0.303
0.308
0.315
0.321
0.321
0.325
0.328
0.328
0.329
0.33
0.331
0.333
0.332
0.331
0.331
0.335
0.338
0.339
0.338
0.338
0.339
0.341
0.342
0.344
0.346
0.346
0.351
0.354
0.354
0.356
0.353
0.353
0.355
0.355
0.356
0.355
0.355
0.356
0.36
0.364
0.366
0.369
0.369
0.368
0.37
0.368
0.364
0.363
0.366
0.367
0.366
0.368
0.371
0.375
0.376
0.37
0.366
0.368
0.371
0.372
0.373
0.374
0.373
0.371
0.374
0.376
0.376
0.376
0.377
0.381
0.381
0.382
0.382
0.378
0.379
0.378
0.379
0.382
0.385
0.386
0.388
0.388
0.388
0.387
0.386
0.389
0.39
0.39
0.39
0.391
0.397
0.399
0.403
0.402
0.399
0.402
0.401
0.402
0.401
0.399
0.403
0.403
0.407
0.41
0.406
0.408
0.408
0.409
0.411
0.411
0.413
0.415
0.418
0.422
0.425
0.427
0.428
0.428
0.43
0.43
0.431
0.435
0.435
0.435
0.44
0.441
0.443
0.449
0.452
0.454
0.452
0.453
0.458
0.457
0.458
0.458
0.461
0.468
0.468
0.469
0.472
0.471
0.473
0.477
0.48
0.481
0.48
0.486
0.492
0.496
0.499
0.499
0.501
0.5
0.507
0.51
0.51
0.515
0.515
0.518
0.523
0.522
0.522
0.524
0.526
0.525
0.526
0.531
0.533
0.534
0.536
0.537
0.538
0.537
0.537
0.538
0.54
0.54
0.539
0.541
0.541
0.539
0.539
0.542
0.543
0.542
0.545
0.544
0.543
0.543
0.543
0.541
0.54
0.544
0.545
0.542
0.543
0.543
0.543
0.543
0.542
0.544
0.546
0.545
0.542
0.537
0.532
0.531
0.529
0.529
0.53
0.527
0.525
0.523
0.519
0.518
0.513
0.506
0.503
0.496
0.495
0.499
0.492
0.485
0.483
0.48
0.477
0.469
0.467
0.467
0.461
0.456
0.45
0.445
0.441
0.436
0.432
0.427
0.421
0.414
0.413
0.411
0.403
0.4
0.401
0.395
0.394
0.391
0.389
0.388
0.381
0.378
0.374
0.371
0.37
0.369
0.37
0.365
0.36
0.36
0.36
0.354
0.353
0.353
0.353
0.349
0.346
0.348
0.346
0.344
0.342
0.339
0.339
0.337
0.337
0.34
0.341
0.34
0.339
0.338
0.335
0.335
0.337
0.338
0.337
0.339
0.34
0.34
0.338
0.338
0.342
0.343
0.336
0.332
0.331
0.334
0.336
0.335
0.335
0.335
0.335
0.335
0.332
0.329
0.332
0.332
0.331
0.334
0.335
0.336
0.336
0.337
0.336
0.334
0.329
0.329
0.331
0.334
0.335
0.331
0.333
0.331
0.331
0.331
0.329
0.331
0.33
0.336
0.338
0.333
0.334
0.332
0.329
0.329
0.331
0.333
0.335
0.334
0.329
0.33
0.327
0.325
0.327
0.327
0.327
0.324
0.322
0.318
0.32
0.32
0.319
0.318
0.315
0.316
0.315
0.313
0.315
0.314
0.312
0.313
0.314
0.315
0.315
0.315
0.315
0.317
0.315
0.314
0.316
0.316
0.314
0.31
0.309
0.311
0.313
0.313
0.31
0.308
0.313
0.313
0.308
0.307
0.306
0.307
0.304
0.302
0.303
0.307
0.309
0.304
0.302
0.304
0.304
0.304
0.304
0.3
0.299
0.3
0.304
0.304
0.301
0.303
0.302
0.305
0.307
0.303
0.303
0.303
0.305
0.304
0.306
0.306
0.304
0.305
0.304
0.306
0.302
0.298
0.301
0.301
0.3
0.301
0.298
0.298
0.301
0.302
0.305
0.308
0.307
0.307
0.306
0.301
0.3
0.297
0.297
0.299
0.296
0.294
0.291
0.295
0.295
0.297
0.297
0.29
0.293
0.296
0.294
0.296
0.298
0.299
0.298
0.296
0.301
0.303
0.297
0.296
0.298
0.298
0.299
0.301
0.301
0.3
0.3
0.295
0.293
0.298
0.295
0.294
0.294
0.292
0.292
0.291
0.291
0.294
0.298
0.299
0.296
0.292
0.295
0.299
0.298
0.299
0.299
0.299
0.3
0.3
0.294
0.296
0.297
0.293
0.295
0.296
0.297
0.294
0.292
0.292
0.292
0.294
0.295
0.297
0.292
0.291
0.291
0.29
0.292
0.295
0.296
0.293
0.293
0.295
0.294
0.293
0.295
0.297
0.297
0.3
0.299
0.297
0.296
0.298
0.301
0.301
0.302
0.299
0.301
0.302
0.306
0.304
0.296
0.294
0.295
0.295
0.295
0.293
0.294
0.298
0.3
0.299
0.303
0.306
0.307
0.309
0.311
0.318
0.321
0.319
0.317
0.32
0.323
0.33
0.343
0.344
0.342
0.343
0.342
0.343
0.341
0.34
0.336
0.338
0.34
0.337
0.34
0.342
0.338
0.337
0.336
0.335
0.344
0.351
0.354
0.354
0.359
0.362
0.364
0.366
0.365
0.369
0.372
0.376
0.387
0.397
0.405
0.407
0.405
0.403
0.403
0.4
0.391
0.383
0.381
0.381
0.381
0.382
0.381
0.379
0.378
0.374
0.374
0.376
0.367
0.362
0.357
0.346
0.344
0.339
0.33
0.324
0.324
0.321
0.318
0.319
0.318
0.315
0.308
0.306
0.306
0.305
0.303
0.293
0.29
0.286
0.279
0.275
0.268
0.268
0.27
0.269
0.275
0.278
0.278
0.277
0.274
0.277
0.279
0.281
0.283
0.281
0.277
0.277
0.28
0.281
0.28
0.28
0.279
0.279
0.281
0.281
0.282
0.282
0.28
0.277
0.278
0.279
0.275
0.276
0.273
0.271
0.272
0.275
0.272
0.267
0.273
0.274
0.276
0.28
0.272
0.273
0.275
0.267
0.267
0.272
0.269
0.267
0.268
0.266
0.266
0.266
0.265
0.266
0.266
0.265
0.265
0.265
0.268
0.273
0.273
0.272
0.274
0.272
0.269
0.27
0.275
0.277
0.277
0.278
0.277
0.275
0.274
0.274
0.277
0.278
0.277
0.278
0.275
0.271
0.275
0.274
0.268
0.267
0.272
0.275
0.276
0.278
0.278
0.282
0.292
0.307
0.319
0.33
0.354
0.378
0.4
0.428
0.46
0.489
0.52
0.56
0.59
0.625
0.671
0.704
0.738
0.774
0.814
0.84
0.856
0.876
0.889
0.895
0.882
0.84
0.785
0.725
0.651
0.577
0.507
0.433
0.361
0.302
0.253
0.208
0.17
0.131
0.109
0.1
0.09
0.052
0.004
-0.011
-0.022
-0.029
-0.032
-0.043
-0.053
-0.045
-0.032
-0.011
0.007
0.021
0.038
0.053
0.067
0.081
0.1
0.123
0.143
0.16
0.174
0.187
0.2
0.214
0.228
0.238
0.247
0.261
0.271
0.274
0.278
0.279
0.289
0.299
0.3
0.3
0.3
0.305
0.306
0.306
0.307
0.308
0.311
0.309
0.303
0.307
0.308
0.31
0.315
0.313
0.311
0.31
0.314
0.315
0.315
0.311
0.309
0.314
0.316
0.32
0.32
0.321
0.324
0.327
0.33
0.333
0.333
0.327
0.329
0.33
0.331
0.333
0.337
0.334
0.33
0.338
0.337
0.336
0.334
0.336
0.339
0.34
0.341
0.338
0.339
0.336
0.337
0.342
0.342
0.348
0.347
0.342
0.343
0.343
0.343
0.348
0.351
0.348
0.346
0.345
0.347
0.351
0.357
0.352
0.35
0.353
0.353
0.359
0.362
0.361
0.362
0.364
0.365
0.367
0.371
0.37
0.365
0.364
0.368
0.366
0.367
0.372
0.372
0.373
0.373
0.376
0.376
0.378
0.381
0.385
0.385
0.383
0.389
0.388
0.385
0.386
0.386
0.388
0.389
0.393
0.397
0.395
0.393
0.396
0.398
0.402
0.403
0.404
0.41
0.409
0.409
0.409
0.41
0.418
0.425
0.427
0.425
0.425
0.429
0.43
0.431
0.439
0.44
0.439
0.442
0.443
0.446
0.449
0.449
0.45
0.449
0.451
0.455
0.457
0.457
0.46
0.463
0.462
0.462
0.466
0.47
0.471
0.469
0.468
0.475
0.481
0.484
0.492
0.495
0.492
0.496
0.501
0.497
0.496
0.5
0.502
0.507
0.514
0.508
0.506
0.517
0.519
0.517
0.512
0.51
0.512
0.515
0.514
0.515
0.515
0.513
0.517
0.522
0.524
0.522
0.523
0.526
0.527
0.524
0.524
0.527
0.524
0.526
0.53
0.523
0.52
0.523
0.523
0.521
0.523
0.528
0.528
0.527
0.527
0.521
0.521
0.527
0.521
0.515
0.517
0.516
0.515
0.515
0.509
0.503
0.501
0.491
0.488
0.49
0.489
0.487
0.48
0.475
0.47
0.466
0.459
0.457
0.455
0.45
0.448
0.442
0.443
0.443
0.432
0.423
0.417
0.415
0.408
0.403
0.402
0.397
0.394
0.388
0.386
0.381
0.377
0.378
0.373
0.371
0.368
0.364
0.361
0.359
0.355
0.35
0.346
0.346
0.345
0.344
0.345
0.344
0.339
0.334
0.336
0.336
0.327
0.326
0.327
0.325
0.326
0.323
0.319
0.32
0.322
0.322
0.322
0.321
0.317
0.319
0.323
0.324
0.324
0.324
0.321
0.32
