0.321
0.321
0.322
0.325
0.326
0.321
0.319
0.319
0.32
0.315
0.316
0.317
0.313
0.317
0.314
0.311
0.318
0.314
0.311
0.317
0.318
0.318
0.321
0.323
0.323
0.32
0.315
0.316
0.323
0.324
0.318
0.318
0.319
0.322
0.324
0.322
0.323
0.322
0.318
0.32
0.325
0.322
0.32
0.317
0.316
0.32
0.32
0.321
0.32
0.319
0.322
0.325
0.319
0.319
0.321
0.32
0.321
0.319
0.316
0.319
0.321
0.322
0.324
0.322
0.321
0.319
0.319
0.317
0.318
0.322
0.317
0.315
0.315
0.315
0.313
0.313
0.316
0.318
0.317
0.319
0.311
0.307
0.315
0.314
0.313
0.312
0.31
0.314
0.316
0.315
0.318
0.317
0.313
0.309
0.308
0.31
0.316
0.316
0.311
0.315
0.319
0.318
0.314
0.314
0.317
0.32
0.316
0.314
0.313
0.313
0.313
0.311
0.315
0.316
0.319
0.321
0.318
0.314
0.315
0.313
0.312
0.313
0.311
0.313
0.309
0.311
0.315
0.313
0.311
0.313
0.31
0.308
0.309
0.313
0.314
0.314
0.317
0.315
0.313
0.31
0.303
0.3
0.303
0.306
0.305
0.302
0.303
0.305
0.308
0.306
0.304
0.298
0.299
0.302
0.3
0.302
0.298
0.296
0.298
0.301
0.303
0.302
0.307
0.296
0.291
0.296
0.291
0.292
0.291
0.29
0.289
0.289
0.293
0.291
0.296
0.299
0.295
0.292
0.294
0.297
0.297
0.296
0.296
0.292
0.294
0.295
0.294
0.297
0.298
0.297
0.297
0.298
0.296
0.294
0.297
0.295
0.291
0.295
0.295
0.295
0.295
0.29
0.294
0.291
0.287
0.289
0.287
0.288
0.293
0.292
0.288
0.284
0.287
0.292
0.293
0.293
0.291
0.293
0.295
0.296
0.299
0.295
0.295
0.298
0.296
0.296
0.298
0.3
0.301
0.299
0.292
0.291
0.295
0.298
0.297
0.291
0.293
0.295
0.294
0.296
0.299
0.296
0.293
0.292
0.286
0.29
0.295
0.294
0.297
0.301
0.301
0.304
0.309
0.308
0.312
0.318
0.322
0.329
0.327
0.328
0.334
0.336
0.338
0.337
0.334
0.331
0.33
0.331
0.334
0.336
0.338
0.342
0.341
0.344
0.343
0.339
0.342
0.344
0.339
0.342
0.35
0.348
0.349
0.354
0.357
0.362
0.367
0.372
0.374
0.371
0.37
0.382
0.391
0.395
0.4
0.391
0.39
0.391
0.384
0.379
0.377
0.374
0.37
0.376
0.373
0.366
0.365
0.366
0.367
0.362
0.359
0.356
0.351
0.34
0.334
0.334
0.33
0.325
0.326
0.322
0.315
0.311
0.309
0.31
0.305
0.303
0.301
0.3
0.301
0.299
0.293
0.283
0.28
0.28
0.277
0.274
0.273
0.274
0.277
0.277
0.279
0.281
0.278
0.281
0.279
0.278
0.281
0.284
0.288
0.285
0.28
0.28
0.28
0.281
0.285
0.282
0.279
0.28
0.285
0.285
0.282
0.278
0.272
0.273
0.275
0.276
0.275
0.273
0.278
0.28
0.276
0.272
0.275
0.281
0.285
0.285
0.28
0.272
0.276
0.282
0.281
0.28
0.277
0.275
0.273
0.27
0.271
0.271
0.274
0.277
0.277
0.277
0.275
0.277
0.277
0.278
0.281
0.28
0.279
0.281
0.283
0.28
0.277
0.278
0.283
0.283
0.284
0.284
0.286
0.289
0.285
0.284
0.284
0.282
0.28
0.283
0.284
0.279
0.274
0.275
0.278
0.285
0.287
0.282
0.286
0.287
0.29
0.301
0.316
0.328
0.349
0.374
0.395
0.423
0.452
0.48
0.507
0.539
0.574
0.605
0.642
0.67
0.693
0.731
0.764
0.788
0.807
0.82
0.828
0.834
0.827
0.793
0.744
0.688
0.621
0.55
0.478
0.408
0.343
0.291
0.248
0.203
0.166
0.136
0.111
0.098
0.09
0.059
0.013
-0.007
-0.018
-0.028
-0.032
-0.035
-0.038
-0.032
-0.022
-0.01
0.007
0.023
0.037
0.053
0.067
0.083
0.102
0.117
0.133
0.151
0.171
0.185
0.194
0.209
0.221
0.231
0.246
0.254
0.259
0.267
0.273
0.279
0.282
0.285
0.289
0.29
0.288
0.289
0.289
0.29
0.29
0.291
0.294
0.294
0.295
0.295
0.295
0.296
0.294
0.293
0.293
0.298
0.301
0.301
0.303
0.306
0.305
0.301
0.3
0.303
0.307
0.304
0.304
0.307
0.307
0.312
0.314
0.311
0.311
0.311
0.308
0.31
0.313
0.319
0.322
0.319
0.325
0.325
0.325
0.324
0.323
0.326
0.323
0.324
0.328
0.329
0.327
0.324
0.324
0.327
0.328
0.326
0.324
0.332
0.331
0.325
0.328
0.329
0.329
0.33
0.331
0.33
0.326
0.326
0.327
0.33
0.335
0.334
0.336
0.341
0.344
0.344
0.348
0.347
0.344
0.349
0.349
0.349
0.348
0.345
0.348
0.348
0.35
0.352
0.35
0.35
0.349
0.352
0.355
0.359
0.365
0.363
0.363
0.365
0.367
0.369
0.369
0.375
0.377
0.375
0.375
0.375
0.377
0.381
0.381
0.386
0.389
0.387
0.388
0.39
0.388
0.386
0.389
0.393
0.394
0.394
0.395
0.401
0.406
0.409
0.413
0.411
0.408
0.406
0.411
0.417
0.418
0.417
0.413
0.412
0.416
0.421
0.425
0.422
0.423
0.427
0.427
0.428
0.428
0.428
0.43
0.433
0.439
0.442
0.444
0.445
0.443
0.444
0.45
0.453
0.451
0.452
0.456
0.462
0.467
0.468
0.469
0.469
0.474
0.475
0.47
0.472
0.474
0.476
0.479
0.478
0.479
0.476
0.476
0.48
0.484
0.481
0.476
0.48
0.482
0.484
0.485
0.483
0.478
0.476
0.479
0.482
0.486
0.49
0.497
0.498
0.494
0.493
0.492
0.493
0.495
0.495
0.491
0.491
0.493
0.489
0.487
0.489
0.488
0.483
0.481
0.485
0.487
0.482
0.475
0.47
0.467
0.466
0.464
0.463
0.462
0.456
0.45
0.443
0.438
0.438
0.434
0.431
0.427
0.422
0.419
0.416
0.414
0.409
0.404
0.398
0.391
0.387
0.383
0.38
0.377
0.37
0.367
0.363
0.361
0.357
0.358
0.358
0.352
0.35
0.342
0.34
0.339
0.336
0.339
0.336
0.335
0.331
0.327
0.326
0.321
0.323
0.326
0.325
0.321
0.321
0.322
0.317
0.314
0.315
0.314
0.314
0.313
0.31
0.31
0.309
0.307
0.305
0.304
0.305
0.306
0.305
0.303
0.303
0.301
0.303
0.304
0.306
0.308
0.303
0.302
0.303
0.306
0.306
0.3
0.302
0.307
0.31
0.31
0.309
0.307
0.306
0.306
0.31
0.315
0.314
0.311
0.309
0.305
0.303
0.304
0.304
0.304
0.301
0.3
0.3
0.304
0.307
0.306
0.306
0.308
0.308
0.306
0.304
0.302
0.302
0.306
0.305
0.307
0.31
0.309
0.305
0.301
0.301
0.301
0.301
0.305
0.307
0.307
0.308
0.304
0.304
0.305
0.308
0.309
0.31
0.314
0.314
0.313
0.31
0.307
0.31
0.31
0.31
0.311
0.309
0.307
0.305
0.305
0.307
0.308
0.31
0.314
0.316
0.313
0.313
0.309
0.304
0.304
0.303
0.303
0.304
0.301
0.3
0.3
0.3
0.303
0.305
0.304
0.304
0.302
0.303
0.306
0.303
0.302
0.302
0.298
0.298
0.298
0.3
0.3
0.3
0.299
0.298
0.3
0.298
0.298
0.298
0.297
0.295
0.289
0.288
0.289
0.293
0.297
0.296
0.294
0.294
0.295
0.293
0.291
0.293
0.294
0.294
0.29
0.288
0.293
0.293
0.294
0.296
0.294
0.293
0.294
0.293
0.293
0.292
0.292
0.296
0.294
0.29
0.291
0.291
0.292
0.293
0.294
0.295
0.295
0.295
0.296
0.295
0.296
0.297
0.295
0.296
0.297
0.296
0.295
0.297
0.295
0.295
0.296
0.297
0.299
0.295
0.294
0.297
0.297
0.296
0.295
0.297
0.292
0.291
0.295
0.295
0.294
0.295
0.297
0.298
0.294
0.295
0.297
0.295
0.297
0.296
0.295
0.296
0.294
0.295
0.295
0.292
0.287
0.289
0.288
0.286
0.286
0.289
0.291
0.293
0.292
0.294
0.296
0.294
0.295
0.294
0.292
0.291
0.291
0.293
0.292
0.292
0.293
0.29
0.289
0.292
0.293
0.295
0.294
0.292
0.293
0.294
0.291
0.288
0.287
0.286
0.289
0.289
0.288
0.286
0.284
0.286
0.287
0.288
0.289
0.294
0.296
0.295
0.294
0.292
0.294
0.295
0.293
0.292
0.295
0.294
0.296
0.299
0.298
0.3
0.303
0.304
0.305
0.308
0.308
0.309
0.311
0.316
0.322
0.321
0.325
0.328
0.33
0.333
0.335
0.339
0.336
0.333
0.333
0.334
0.333
0.331
0.333
0.336
0.335
0.333
0.333
0.335
0.34
0.341
0.34
0.344
0.348
0.346
0.344
0.347
0.351
0.356
0.364
0.367
0.365
0.367
0.37
0.374
0.383
0.39
0.391
0.387
0.385
0.385
0.383
0.38
0.374
0.371
0.37
0.371
0.371
0.369
0.366
0.368
0.37
0.364
0.36
0.359
0.355
0.35
0.342
0.336
0.332
0.328
0.324
0.321
0.317
0.314
0.312
0.309
0.311
0.31
0.307
0.304
0.302
0.301
0.295
0.29
0.286
0.281
0.279
0.277
0.281
0.281
0.281
0.283
0.28
0.279
0.281
0.281
0.281
0.283
0.285
0.284
0.284
0.282
0.282
0.283
0.284
0.282
0.28
0.281
0.285
0.287
0.286
0.285
0.282
0.279
0.277
0.277
0.277
0.28
0.278
0.276
0.275
0.275
0.275
0.272
0.269
0.264
0.265
0.269
0.27
0.27
0.27
0.27
0.269
0.27
0.267
0.266
0.267
0.268
0.267
0.268
0.27
0.271
0.267
0.267
0.267
0.267
0.267
0.266
0.267
0.272
0.272
0.267
0.265
0.267
0.267
0.267
0.272
0.274
0.275
0.274
0.274
0.276
0.278
0.278
0.276
0.273
0.276
0.275
0.272
0.27
0.263
0.259
0.263
0.268
0.267
0.264
0.267
0.275
0.283
0.293
0.305
0.319
0.342
0.368
0.394
0.416
0.443
0.472
0.504
0.54
0.571
0.605
0.644
0.668
0.7
0.737
0.768
0.799
0.817
0.837
0.853
0.861
0.854
0.821
0.774
0.715
0.644
0.573
0.509
0.443
0.373
0.317
0.271
0.228
0.187
0.152
0.134
0.121
0.114
0.092
0.042
0.011
0.004
-0.001
-0.01
-0.025
-0.035
-0.034
-0.019
-0.005
0.006
0.021
0.035
0.051
0.065
0.077
0.095
0.113
0.132
0.151
0.17
0.184
0.193
0.203
0.216
0.228
0.234
0.241
0.248
0.259
0.269
0.273
0.278
0.281
0.28
0.279
0.281
0.283
0.287
0.286
0.284
0.287
0.289
0.288
0.289
0.29
0.295
0.299
0.299
0.3
0.299
0.297
0.295
0.296
0.295
0.294
0.294
0.297
0.299
0.301
0.303
0.301
0.3
0.298
0.299
0.3
0.303
0.304
0.302
0.304
0.306
0.307
0.308
0.306
0.307
0.309
0.309
0.312
0.313
0.311
0.311
0.313
0.316
0.318
0.317
0.315
0.316
0.318
0.322
0.32
0.319
0.323
0.321
0.32
0.323
0.324
0.326
0.328
0.327
0.324
0.323
0.323
0.327
0.326
0.324
0.324
0.325
0.328
0.33
0.33
0.329
0.331
0.334
0.337
0.336
0.336
0.338
0.337
0.337
0.335
0.335
0.339
0.339
0.338
0.342
0.342
0.342
0.343
0.343
0.345
0.349
0.352
0.35
0.35
0.351
0.35
0.351
0.354
0.358
0.361
0.361
0.363
0.365
0.367
0.368
0.37
0.37
0.37
0.373
0.376
0.374
0.376
0.379
0.38
0.384
0.388
0.388
0.385
0.386
0.39
0.394
0.397
0.397
0.397
0.401
0.403
0.402
0.404
0.406
0.406
0.41
0.413
0.415
0.42
0.421
0.423
0.427
0.429
0.431
0.432
0.432
0.434
0.436
0.439
0.443
0.444
0.447
0.449
0.45
0.452
0.451
0.452
0.45
0.451
0.457
0.461
0.465
0.465
0.468
0.469
0.469
0.469
0.471
0.474
0.476
0.477
0.474
0.474
0.476
0.476
0.477
0.475
0.476
0.476
0.476
0.476
0.476
0.478
0.476
0.478
0.48
0.479
0.482
0.481
0.482
0.481
0.48
0.477
0.474
0.475
0.475
0.476
0.476
0.474
0.472
0.469
0.469
0.468
0.466
0.465
0.461
0.457
0.456
0.458
0.46
0.458
0.451
0.45
0.449
0.444
0.439
0.434
0.429
0.426
0.426
0.423
0.42
0.413
0.408
0.405
0.398
0.394
0.392
0.389
0.383
0.38
0.378
0.376
0.373
0.367
0.359
0.356
0.353
0.346
0.344
0.343
0.341
0.336
0.332
0.329
0.326
0.323
0.319
0.318
0.315
0.315
0.31
0.309
0.311
0.306
0.305
0.303
0.304
0.302
0.298
0.294
0.292
0.294
0.291
0.29
0.291
0.292
0.29
0.285
0.282
0.283
0.284
0.282
0.28
0.279
0.28
0.281
0.28
0.281
0.283
0.281
0.278
0.278
0.28
0.283
0.281
0.281
0.284
0.284
0.285
0.285
0.286
0.286
0.283
0.284
0.283
0.281
0.281
0.281
0.281
0.28
0.281
0.282
0.281
0.282
0.285
0.286
0.286
0.285
0.288
0.291
0.291
0.29
0.29
0.291
0.289
0.289
0.292
0.29
0.288
0.289
0.291
0.291
0.291
0.29
0.288
0.288
0.288
0.288
0.287
0.287
0.287
0.288
0.288
0.286
0.285
0.287
0.288
0.287
0.286
0.285
0.283
0.283
0.284
0.286
0.285
0.283
0.283
0.286
0.286
0.283
0.281
0.281
0.283
0.284
0.284
0.285
0.284
0.282
0.282
0.281
0.281
0.28
0.28
0.281
0.28
0.278
0.276
0.276
0.276
0.277
0.277
0.275
0.273
0.27
0.271
0.272
0.272
0.27
0.275
0.28
0.277
0.278
0.277
0.277
0.276
0.272
0.272
0.274
0.275
0.276
0.276
0.275
0.274
0.274
0.273
0.272
0.271
0.269
0.269
0.268
0.266
0.264
0.265
0.266
0.269
0.271
0.267
0.265
0.262
0.263
0.264
0.264
0.264
0.262
0.262
0.263
0.264
0.262
0.262
0.262
0.263
0.267
0.268
0.267
0.265
0.265
0.265
0.266
0.269
0.272
0.27
0.267
0.266
0.265
0.267
0.266
0.262
0.26
0.26
0.259
0.26
0.26
0.261
0.261
0.259
0.26
0.26
0.261
0.261
0.258
0.257
0.258
0.26
0.26
0.259
0.258
0.256
0.259
0.26
0.258
0.259
0.256
0.256
0.257
0.257
0.257
0.256
0.256
0.257
0.257
0.255
0.255
0.255
0.254
0.253
0.254
0.254
0.258
0.257
0.251
0.25
0.251
0.253
0.253
0.252
0.25
0.249
0.249
0.247
0.246
0.247
0.248
0.248
0.247
0.245
0.246
0.247
0.247
0.247
0.248
0.251
0.251
0.247
0.242
0.243
0.245
0.244
0.245
0.246
0.244
0.243
0.246
0.25
0.254
0.252
0.248
0.251
0.252
0.253
0.253
0.251
0.253
0.253
0.252
0.252
0.251
0.251
0.248
0.249
0.251
0.251
0.251
0.251
0.248
0.247
0.251
0.252
0.252
0.251
0.255
0.261
0.264
0.266
0.265
0.266
0.269
0.271
0.273
0.277
0.279
0.284
0.291
0.299
0.306
0.306
0.303
0.301
0.301
0.302
0.302
0.304
0.304
0.304
0.307
0.306
0.305
0.308
0.31
0.31
0.309
0.31
0.31
0.311
0.316
0.321
0.325
0.326
0.329
0.333
0.334
0.334
0.339
0.347
0.355
0.356
0.357
0.359
0.36
0.361
0.361
0.356
0.35
0.347
0.343
0.341
0.338
0.332
0.33
0.331
0.329
0.326
0.32
0.316
0.313
0.308
0.303
0.299
0.296
0.29
0.281
0.277
0.277
0.272
0.27
0.269
0.267
0.264
0.262
0.261
0.263
0.263
0.259
0.253
0.247
0.245
0.24
0.236
0.234
0.234
0.236
0.236
0.237
0.237
0.237
0.239
0.241
0.241
0.239
0.24
0.24
0.24
0.242
0.24
0.24
0.24
0.239
0.24
0.24
0.239
0.24
0.24
0.238
0.234
0.233
0.233
0.232
0.234
0.234
0.233
0.233
0.231
0.228
0.23
0.233
0.234
0.234
0.231
0.23
0.231
0.232
0.231
0.231
0.231
0.23
0.229
0.229
0.23
0.231
0.231
0.233
0.232
0.229
0.23
0.23
0.23
0.231
0.232
0.234
0.235
0.237
0.239
0.238
0.238
0.238
0.236
0.238
0.241
0.242
0.241
0.243
0.244
0.242
0.239
0.242
0.24
0.236
0.233
0.229
0.227
0.226
0.225
0.224
0.224
0.221
0.224
0.225
0.228
0.237
0.248
0.265
0.275
0.298
0.327
0.353
0.382
0.407
0.435
0.467
0.501
0.535
0.57
0.612
0.648
0.679
0.719
0.754
0.788
0.813
0.832
0.851
0.858
0.862
0.841
0.8
0.746
0.674
0.597
0.523
0.451
0.374
0.302
0.247
0.199
0.151
0.11
0.087
0.075
0.065
0.058
0.018
-0.03
-0.046
-0.056
-0.064
-0.073
-0.086
-0.088
-0.076
-0.064
-0.055
-0.041
-0.025
-0.011
0.008
0.021
0.035
0.052
0.071
0.092
0.111
0.127
0.139
0.15
0.164
0.175
0.184
0.196
0.202
0.208
0.217
0.221
0.228
0.233
0.235
0.237
0.237
0.239
0.239
0.238
0.239
0.24
0.243
0.248
0.251
0.253
0.253
0.257
0.257
0.257
0.26
0.262
0.264
0.266
0.268
0.269
0.269
0.269
0.27
0.272
0.273
0.276
0.276
0.277
0.279
0.278
0.279
0.28
0.281
0.28
0.277
0.275
0.275
0.277
0.279
0.281
0.28
0.277
0.278
0.279
0.28
0.282
0.283
0.284
0.286
0.287
0.286
0.285
0.286
0.285
0.283
0.285
0.286
0.284
0.286
0.288
0.287
0.29
0.292
0.293
0.295
0.293
0.292
0.293
0.295
0.295
0.294
0.295
0.294
0.292
0.293
0.294
0.294
0.294
0.297
0.3
0.304
0.306
0.305
0.306
0.308
0.31
0.311
0.313
0.315
0.314
0.317
0.32
0.321
0.322
0.321
0.323
0.323
0.324
0.327
0.328
0.328
0.326
0.328
0.331
0.332
0.333
0.333
0.338
0.338
0.337
0.341
0.342
0.345
0.347
0.348
0.353
0.353
0.353
0.355
0.356
0.358
0.361
0.364
0.366
0.365
0.367
0.372
0.375
0.377
0.379
0.38
0.385
0.386
0.386
0.389
0.392
0.395
0.395
0.396
0.399
0.399
0.402
0.405
0.409
0.414
0.415
0.416
0.417
0.418
0.422
0.427
0.427
0.424
0.426
0.43
0.434
0.435
0.436
0.439
0.44
0.441
0.444
0.448
0.451
0.45
0.452
0.454
0.455
0.455
0.454
0.457
0.456
0.457
0.459
0.461
0.462
0.459
0.459
0.459
0.458
0.459
0.46
0.461
0.464
0.463
0.464
0.463
0.462
0.464
0.464
0.465
0.466
0.464
0.464
0.461
0.462
0.464
0.461
0.458
0.458
0.455
0.453
0.457
0.458
0.455
0.449
0.446
0.445
0.44
0.435
0.432
0.432
0.435
0.429
0.422
0.419
0.415
0.411
0.408
0.405
0.4
0.395
0.389
0.384
0.381
0.376
0.37
0.365
0.36
0.356
0.352
0.348
0.344
0.338
0.334
0.329
0.326
0.322
0.318
0.314
0.311
0.309
0.305
0.3
0.295
0.292
0.291
0.29
0.288
0.285
0.284
0.281
0.279
0.276
0.274
0.273
0.272
0.27
0.271
0.27
0.269
0.27
0.266
0.262
0.261
0.258
0.26
0.262
0.261
0.259
0.258
0.26
0.26
0.26
0.257
0.254
0.253
0.251
0.252
0.254
0.256
0.254
0.252
0.251
0.252
0.253
0.253
0.251
0.253
0.253
0.252
0.254
0.255
0.256
0.256
0.257
0.258
0.261
0.259
0.255
0.257
0.257
0.256
0.254
0.253
0.255
0.257
0.257
0.254
0.256
0.258
0.259
0.258
0.259
0.26
0.259
0.257
0.259
0.26
0.261
0.261
0.259
0.256
0.258
0.264
0.264
0.261
0.259
0.257
0.256
0.255
0.254
0.255
0.256
0.255
0.254
0.253
0.253
0.254
0.253
0.253
0.254
0.253
0.254
0.252
0.251
0.253
0.252
0.251
0.253
0.252
0.249
0.247
0.247
0.248
0.249
0.248
0.247
0.247
0.247
0.245
0.247
0.25
0.246
0.245
0.246
0.247
0.248
0.249
0.25
0.249
0.25
0.25
0.251
0.253
0.253
0.255
0.256
0.252
0.249
0.252
0.248
0.247
0.247
0.243
0.241
0.243
0.244
0.243
0.242
0.242
0.241
0.24
0.239
0.24
0.24
0.24
0.241
0.239
0.24
0.242
0.241
0.24
0.238
0.238
0.239
0.235
0.236
0.238
0.236
0.237
0.235
0.234
